1542133272 1
1542133500 778
1542135438 778
1542136199 778
1542137165 779
1542137328 779
1542137502 779
1542137855 779
1542144422 775
1542145169 744
1542145655 744
1542145970 755
1542146320 761
1542147674 760
1542180730 760
1545222329 1362
1545228456 1435
1545228717 1442
1545240341 1459
1546521125 1475
1546521178 1475
1546521238 1494
1546521314 1495
1546521660 1495
1546546222 1495
1546859282 1495
1546859291 1495
1546859301 1507
1546859363 1507
1547629895 1505
1549036346 1501
1549050791 2175
1550244166 2175
