1516795923 0 0 0 0 0 201 0 0 0 0
1517174457 220 0 0 0 0 201 0 0 0 0
1517434441 222 0 0 0 0 201 0 0 0 0
1517435034 223 0 0 0 0 201 0 0 0 0
1517435345 224 0 0 0 0 201 0 0 0 0
1517436815 226 0 0 0 0 201 0 0 0 0
1517436839 230 0 0 0 0 201 0 0 0 0
1517436865 233 0 0 0 0 201 0 0 0 0
1517436879 236 0 0 0 0 201 0 0 0 0
1518076792 237 0 0 0 0 201 0 0 0 0
1519302605 240 0 0 0 0 201 0 0 0 0
1519305751 264 0 0 0 0 201 0 0 0 0
1519719193 266 0 0 0 0 201 0 0 0 0
1519736749 267 0 0 0 0 201 0 0 0 0
1522068217 293 0 0 0 0 201 0 0 0 0
1523522865 293 0 0 70 0 201 0 0 0 0
1523523552 293 0 0 72 0 201 0 0 0 0
1523690901 293 0 0 72 0 201 0 0 0 0
1523822373 297 0 0 72 0 201 0 0 0 0
1523823145 298 0 0 72 0 201 0 0 0 0
1523876806 298 0 0 72 0 201 0 0 0 0
1524227490 299 0 0 72 0 201 0 0 0 0
1524227730 299 0 0 72 0 201 0 0 0 0
1524228186 301 0 0 72 0 201 0 0 0 0
1524229224 301 0 0 72 0 201 0 0 0 0
1524229519 301 0 0 72 0 201 0 0 0 0
1524471616 301 0 0 78 0 201 0 0 0 0
1524471910 301 0 0 78 0 201 0 0 0 0
1524478559 329 0 0 78 0 201 0 0 0 0
1524478591 329 0 0 78 0 201 0 0 0 0
1524478783 391 0 0 78 0 201 0 0 0 0
1524483618 391 0 0 78 0 201 0 0 0 0
1524490211 397 0 0 78 0 201 0 0 0 0
1524495314 408 0 0 78 0 201 0 0 0 0
1524550503 413 0 0 78 0 201 0 0 0 0
1524553302 417 0 0 78 0 201 0 0 0 0
1524553450 419 0 0 78 0 201 0 0 0 0
1524553512 419 0 0 78 0 201 0 0 0 0
1524553521 419 0 0 78 0 201 0 0 0 0
1524596768 1093 0 0 78 0 201 0 0 0 0
1524596779 1110 0 0 78 0 201 0 0 0 0
1524597616 1110 0 0 78 0 201 0 0 0 0
1526483091 1327 0 0 78 0 201 0 0 0 0
1526529618 1327 0 0 78 0 201 0 0 0 0
1526550967 1331 0 0 78 0 201 0 0 0 0
1526552080 1331 0 0 78 0 201 0 0 0 0
1526552417 1331 0 0 78 0 201 0 0 0 0
1526553004 1333 0 0 78 0 201 0 0 0 0
1526977068 1343 0 0 78 0 201 0 0 0 0
1527061668 1343 0 0 78 0 201 0 0 0 0
1527064835 1371 0 0 78 0 201 0 0 0 0
1527065114 1371 0 0 78 0 201 0 0 0 0
1527179659 1372 0 0 78 0 201 0 0 0 0
1528692536 1372 0 0 78 0 201 0 0 4 0
1528731334 1372 0 0 78 0 201 0 0 4 0
1528801940 1372 0 0 87 0 201 0 0 4 0
1528802450 1372 0 0 87 0 201 0 0 4 0
1530171436 1372 0 0 87 0 202 0 0 4 0
1530172251 1373 0 0 87 0 202 0 0 4 0
1530177059 1373 0 0 87 0 202 0 0 4 0
1530178251 1373 0 0 87 0 202 0 0 4 0
1530382506 1401 0 0 87 0 202 0 0 4 0
1530389430 1401 0 0 87 0 202 0 0 4 0
1530525837 1403 0 0 87 0 202 0 0 4 0
1530534747 1410 0 0 87 0 202 0 0 4 0
1530534980 1410 0 0 87 0 202 0 0 4 0
1530620124 1410 0 0 87 0 202 0 0 4 0
1530779122 1410 0 0 94 0 202 0 0 4 0
1530880750 1410 0 0 94 0 202 26 0 4 0
1530885502 1410 0 0 94 0 202 26 0 4 0
1531239746 1410 0 0 94 0 202 26 0 4 0
1531239831 1410 0 0 94 0 202 26 0 4 0
1531240082 1410 0 0 94 0 202 324 0 4 0
1531242756 1410 0 0 94 0 202 324 0 4 0
1531380656 1410 0 0 94 0 202 329 0 4 0
1531381544 1410 0 0 94 0 202 329 0 4 0
1532076244 1418 0 0 94 0 202 329 0 4 0
1532425675 1436 0 0 94 0 202 329 0 4 0
1532494310 1436 0 0 94 0 202 329 0 4 0
1532496040 1437 0 0 94 0 202 329 0 4 0
1532499359 1438 0 0 94 0 202 329 0 4 0
1532500066 1439 0 0 94 0 202 329 0 4 0
1533120500 1439 0 8 94 0 202 329 0 4 0
1533120770 1439 0 8 94 0 202 329 0 4 0
1533121612 1439 0 8 94 0 202 329 0 4 0
1533228171 1439 0 8 94 0 202 329 0 4 18
1533238768 1439 0 8 94 0 202 329 0 4 18
1533238844 1439 0 8 106 0 202 329 0 4 18
1533238954 1439 0 8 106 0 202 329 0 4 18
1533626453 1444 0 8 106 0 202 329 0 4 18
1533707619 1445 0 8 106 0 202 329 0 4 18
1533708155 1445 0 8 106 0 202 329 0 4 18
1533711108 1445 0 8 106 0 202 329 0 4 18
1535473220 1445 0 8 106 0 202 329 0 4 18
1535484935 1445 0 8 112 0 202 329 0 4 18
1535486250 1445 0 19 112 0 202 329 0 4 18
1535486816 1445 0 19 112 0 202 329 0 4 18
1535564565 1445 0 24 112 0 202 329 0 4 18
1535566403 1445 0 24 112 0 202 329 0 4 18
1535587669 1445 0 29 112 0 202 329 0 4 18
1535589440 1445 0 29 112 0 202 329 0 4 18
1535635577 1445 0 29 115 0 202 329 0 4 18
1535657804 1445 0 29 115 0 202 329 0 4 18
1535659219 1445 0 29 115 0 202 329 0 4 18
1535982732 1445 0 34 115 0 202 329 0 4 18
1535983711 1445 0 34 115 0 202 329 0 4 18
1535985101 1445 0 39 115 0 202 329 0 4 18
1535986674 1445 0 39 115 0 202 329 0 4 18
1536154555 1445 0 44 115 0 202 329 0 4 18
1536156445 1445 0 44 115 0 202 329 0 4 18
1537178563 1445 0 49 115 0 202 329 0 4 18
1537179291 1445 0 49 115 0 202 329 0 4 18
1537998422 1445 0 64 115 0 202 329 0 4 18
1538000069 1445 0 64 115 0 202 329 0 4 18
1538149172 1445 0 72 115 0 202 329 0 4 18
1538149677 1445 0 72 115 0 202 329 0 4 18
1538215627 1445 0 77 115 0 202 329 0 4 18
1538216063 1445 0 77 115 0 202 329 0 4 18
1539088000 1445 0 83 115 0 202 329 0 4 18
1539088657 1445 0 83 115 0 202 329 0 4 18
1539123214 1445 0 89 115 0 202 329 0 4 18
1539124223 1445 0 89 115 0 202 329 0 4 18
1539126586 1445 0 92 115 0 202 329 0 4 18
1539127936 1445 0 92 115 0 202 329 0 4 18
1539243516 1445 0 95 115 0 202 329 0 4 18
1539243751 1445 0 95 115 0 202 329 0 4 18
1539272423 1445 0 98 115 0 202 329 0 4 18
1539272926 1445 0 98 115 0 202 329 0 4 18
1539884498 1445 0 119 115 0 202 329 0 4 18
1539885064 1445 0 119 115 0 202 329 0 4 18
1540137344 1445 0 128 115 0 202 329 0 4 18
1540137488 1445 0 128 115 0 202 329 0 4 18
1540490176 1445 0 137 115 0 202 329 0 4 18
1540490438 1445 0 137 115 0 202 329 0 4 18
1540665757 1445 0 140 115 0 202 329 0 4 18
1540665985 1445 0 140 115 0 202 329 0 4 18
1540736816 1445 0 143 115 0 202 329 0 4 18
1540737150 1445 0 143 115 0 202 329 0 4 18
1540829298 1445 0 149 115 0 202 329 0 4 18
1540829656 1445 0 149 115 0 202 329 0 4 18
1540937611 1445 0 155 115 0 202 329 0 4 18
1540938518 1445 0 155 115 0 202 329 0 4 18
1540949530 1445 0 158 115 0 202 329 0 4 18
1540950318 1445 0 158 115 0 202 329 0 4 18
1541369786 1445 0 167 115 0 202 329 0 4 18
1541370047 1445 0 167 115 0 202 329 0 4 18
1541703673 1445 0 176 115 0 202 329 0 4 18
1541704404 1445 0 176 308 0 202 329 0 4 18
1542183569 1445 0 176 361 0 202 329 0 4 18
1542183630 1445 0 176 377 0 202 329 0 4 18
1542183653 1445 0 176 380 0 202 329 0 4 18
1542184976 1445 0 176 380 0 202 329 0 4 18
1542330646 1445 0 182 380 0 202 329 0 4 18
1542331624 1445 0 182 380 0 202 329 0 4 18
1542395416 1445 0 185 380 0 202 329 0 4 18
1542396632 1445 0 185 380 0 202 329 0 4 18
1542463815 1445 0 188 380 0 202 329 0 4 18
1542464836 1445 0 188 380 0 202 329 0 4 18
1542660892 1445 0 191 380 0 202 329 0 4 18
1542661399 1445 0 191 380 0 202 329 0 4 18
1542885147 1445 0 194 380 0 202 329 0 4 18
1542885520 1445 0 194 380 0 202 329 0 4 18
1543391920 1445 0 200 380 0 202 329 0 4 18
1543392161 1445 0 200 380 0 202 329 0 4 18
1544468994 1445 0 224 380 0 202 329 0 4 18
1544469685 1445 0 224 380 0 202 329 0 4 18
1544470367 1857 0 224 380 0 202 329 0 4 18
1544540259 1857 0 224 380 0 202 329 0 4 18
1544585954 1857 0 227 380 0 202 329 0 4 18
1544586831 1857 0 227 380 0 202 329 0 4 18
1544796689 1857 0 227 429 0 202 329 0 4 18
1544796936 1857 0 227 440 0 202 329 0 4 18
1544798220 1857 0 227 440 0 202 329 0 4 18
1544802468 1857 0 227 445 0 202 329 0 4 18
1544802659 1857 0 227 448 0 202 329 0 4 18
1545960663 1857 0 236 448 0 202 329 0 4 18
1545960894 1857 0 236 448 0 202 329 0 4 18
1547630413 1857 0 280 448 0 202 329 0 4 18
1547631485 1857 0 280 448 0 202 329 0 4 18
1547799596 1865 0 280 448 0 202 329 0 4 18
1548164567 1865 0 280 448 0 202 329 0 4 18
1548186111 1865 0 307 448 0 202 329 0 4 18
1548186783 1865 0 307 448 0 202 329 0 4 18
