1519721937 674
1519724410 998
1519732815 998
1519734506 1003
1519734535 1003
1519824969 1003
1519824992 1003
1519903329 1003
1519903383 1003
1519918588 1011
1520262578 1005
1521797099 1014
1522061650 1029
1522061839 1029
1523822893 1033
1524563715 1025
1524597534 1031
1524597619 1067
1526493021 1256
1529336012 1288
1529336444 1288
1530544832 1829
1530875106 1830
1530876305 1829
1530880074 1829
1530880764 1826
1530881193 1822
1530885476 1822
1531153085 1822
1531153950 1822
1531239818 1007
1531240535 1822
1531294075 1822
1531301725 1822
1531309517 1822
1532948699 1823
1535544273 1823
1535547842 1007
1535551345 1824
1535576907 1825
1535589423 1824
1535983557 1825
1535986479 1825
1536020670 1826
1536156324 1825
1536241560 1825
1537123405 1827
1537179119 1827
1537216223 1828
1537645636 1829
1537781165 1870
1537911180 1871
1537999974 1878
1538149600 1877
1538215896 1877
1538258313 1895
1538516742 1896
1539688177 1899
1539689346 1937
1540895175 1920
1540899413 1920
1540904052 1920
1540925475 1927
1540938362 1927
1540950306 1927
1541345749 1927
1541370002 1927
1541681506 1928
1541700669 1955
1541959054 1955
1542218195 1953
1542331570 1953
1542369825 1953
1542392615 1953
1542464791 1960
1542664722 1960
1544432155 1960
1544437985 1960
1544462681 1960
1544540203 1962
1544579029 1962
1544615999 1972
1544785489 1972
1547630911 1972
1547636535 1972
1548186672 1972
1549035879 1970
1550059188 1970
1550064854 1970
1550132257 1992
1550132631 2025
1550132733 2024
1550142454 2028
1550147903 2032
