1539790537 1736 0 0
1539790864 1744 0 0
1539791904 1748 0 0
1539792265 1758 0 0
1539792382 1759 0 0
1539807050 1858 0 0
1539810107 1871 0 0
1539818841 1871 0 0
1539819158 1872 0 0
1540296439 1939 0 0
1540297861 1939 0 0
1540369642 2012 0 0
1540370014 2017 0 0
1540370092 2033 0 0
1540385251 2061 0 0
1540727150 2063 0 0
1540727473 2063 0 0
1540727736 2082 0 0
1540732028 2106 0 0
1540794656 2106 0 0
1540891872 2106 0 0
1541009752 2106 1 0
1541589778 2108 1 0
1542108381 2108 1 4
1542109312 2108 1 4
1542114419 2109 1 4
1542114703 2745 1 4
1542181555 2756 1 4
1542181963 2756 1 4
1542361233 2756 1 4
