1516710403 0 0 0 201 0 0 0 0 0 0 0 0 0 0
1516710852 470 0 0 201 0 0 0 0 0 0 0 0 0 0
1516711491 470 0 0 201 0 0 0 0 0 0 0 0 0 0
1516728736 523 0 0 201 0 0 0 0 0 0 0 0 0 0
1516795749 548 0 0 201 0 0 0 0 0 0 0 0 0 0
1517155590 549 0 0 201 0 0 0 0 0 0 0 0 0 0
1517166719 549 0 0 201 0 0 0 0 0 0 0 0 0 0
1517170510 560 0 0 201 0 0 0 0 0 0 0 0 0 0
1517172072 564 0 0 201 0 0 0 0 0 0 0 0 0 0
1517177547 567 0 0 201 0 0 0 0 0 0 0 0 0 0
1517179353 1014 0 0 201 0 0 0 0 0 0 0 0 0 0
1517180533 1058 0 0 201 0 0 0 0 0 0 0 0 0 0
1517181173 1061 0 0 201 0 0 0 0 0 0 0 0 0 0
1517403160 1062 0 0 201 0 0 0 0 0 0 0 0 0 0
1517409102 1063 0 0 201 0 0 0 0 0 0 0 0 0 0
1517413400 1071 0 0 201 0 0 0 0 0 0 0 0 0 0
1517413650 1075 0 0 201 0 0 0 0 0 0 0 0 0 0
1517414752 1127 0 0 201 0 0 0 0 0 0 0 0 0 0
1517415342 1128 0 0 201 0 0 0 0 0 0 0 0 0 0
1517415358 1130 0 0 201 0 0 0 0 0 0 0 0 0 0
1517415652 1152 0 0 201 0 0 0 0 0 0 0 0 0 0
1517415816 1155 0 0 201 0 0 0 0 0 0 0 0 0 0
1517417853 1164 0 0 201 0 0 0 0 0 0 0 0 0 0
1517417912 1167 0 0 201 0 0 0 0 0 0 0 0 0 0
1517418678 1308 0 0 201 0 0 0 0 0 0 0 0 0 0
1517433012 1309 0 0 201 0 0 0 0 0 0 0 0 0 0
1517435308 1311 0 0 201 0 0 0 0 0 0 0 0 0 0
1517437461 1369 0 0 201 0 0 0 0 0 0 0 0 0 0
1517581240 1377 0 0 201 0 0 0 0 0 0 0 0 0 0
1517581446 1379 0 0 201 0 0 0 0 0 0 0 0 0 0
1517581615 1383 0 0 201 0 0 0 0 0 0 0 0 0 0
1517996448 1385 0 0 201 0 0 0 0 0 0 0 0 0 0
1517998975 1466 0 0 201 0 0 0 0 0 0 0 0 0 0
1518192081 1624 0 0 201 0 0 0 0 0 0 0 0 0 0
1518195070 1625 0 0 201 0 0 0 0 0 0 0 0 0 0
1518195545 1628 0 0 201 0 0 0 0 0 0 0 0 0 0
1518417274 1629 0 0 201 0 0 0 0 0 0 0 0 0 0
1518417464 1631 0 0 201 0 0 0 0 0 0 0 0 0 0
1519024407 1632 0 0 201 0 0 0 0 0 0 0 0 0 0
1519294569 1651 0 0 201 0 0 0 0 0 0 0 0 0 0
1519297274 1710 0 0 201 0 0 0 0 0 0 0 0 0 0
1519302418 1719 0 0 201 0 0 0 0 0 0 0 0 0 0
1519368686 1724 0 0 201 0 0 0 0 0 0 0 0 0 0
1519718925 1729 0 0 201 0 0 0 0 0 0 0 0 0 0
1519719960 1734 0 0 201 0 0 0 0 0 0 0 0 0 0
1519721420 1746 0 0 201 0 0 0 0 0 0 0 0 0 0
1519736672 1747 0 0 201 0 0 0 0 0 0 0 0 0 0
1519918152 1747 0 0 201 0 0 0 0 0 0 0 0 0 8
1519918403 1747 0 0 201 0 0 0 0 0 0 0 0 0 8
1519984590 1837 0 0 201 0 0 0 0 0 0 0 0 0 8
1519990416 1839 0 0 201 0 0 0 0 0 0 0 0 0 8
1520241015 1844 0 0 201 0 0 0 0 0 0 0 0 0 8
1520248539 1845 0 0 201 0 0 0 0 0 0 0 0 0 8
1520429105 1886 0 0 201 0 0 0 0 0 0 0 0 0 8
1520430060 1889 0 0 201 0 0 0 0 0 0 0 0 0 8
1520431002 1890 0 0 201 0 0 0 0 0 0 0 0 0 8
1520431022 1894 0 0 201 0 0 0 0 0 0 0 0 0 8
1520935303 1898 0 0 201 0 0 0 0 0 0 0 0 0 8
1520943691 1920 0 0 201 0 0 0 0 0 0 0 0 0 8
1520958813 2289 0 0 201 0 0 0 0 0 0 0 0 0 8
1521026181 2303 0 0 201 0 0 0 0 0 0 0 0 0 8
1521027088 2321 0 0 201 0 0 0 0 0 0 0 0 0 8
1521032155 2342 0 0 201 0 0 0 0 0 0 0 0 0 8
1521035372 2346 0 0 201 0 0 0 0 0 0 0 0 0 8
1521035390 2360 0 0 201 0 0 0 0 0 0 0 0 0 8
1521037348 2446 0 0 201 0 0 0 0 0 0 0 0 0 8
1521057900 2451 0 0 201 0 0 0 0 0 0 0 0 0 8
1521104344 2463 0 0 201 0 0 0 0 0 0 0 0 0 8
1521118763 2466 0 0 201 0 0 0 0 0 0 0 0 0 8
1521453837 2504 0 0 201 0 0 0 0 0 0 0 0 0 8
1521454248 2518 0 0 201 0 0 0 0 0 0 0 0 0 8
1521550867 2519 0 0 201 0 0 0 0 0 0 0 0 0 8
1521793989 2528 0 0 201 0 0 0 0 0 0 0 0 0 8
1521796526 2528 0 0 201 0 0 0 0 0 0 0 0 0 8
1522069053 2552 0 0 201 0 0 0 0 0 0 0 0 0 8
1522309381 2566 0 0 201 0 0 0 0 0 0 0 0 0 8
1522607413 2568 0 0 201 0 0 0 0 0 0 0 0 0 8
1522608779 2568 289 0 201 0 0 0 0 0 0 0 0 0 8
1523263490 2568 379 0 201 0 0 0 0 0 0 0 0 0 8
1523356143 2568 380 0 201 0 0 0 0 0 0 0 0 0 8
1523356878 2568 386 0 201 0 0 0 0 0 0 0 0 0 8
1523358750 2568 389 0 201 0 0 0 0 0 0 0 0 0 8
1523360117 2568 389 0 201 0 0 0 0 0 0 0 0 0 8
1523362408 2568 391 0 201 0 0 0 0 0 0 0 0 0 8
1523362490 2568 391 0 201 0 0 0 0 0 0 0 0 0 8
1523374076 2568 391 0 201 0 0 0 0 0 0 0 0 0 8
1523437106 2568 391 0 201 0 0 0 0 0 0 0 0 0 8
1523449547 2589 391 0 201 0 0 0 0 0 0 0 0 0 8
1523451087 2597 391 0 201 0 0 0 0 0 0 0 0 0 8
1523451468 2601 391 0 201 0 0 0 0 0 0 0 0 0 8
1523454794 2601 391 0 201 0 0 0 0 0 0 0 0 0 8
1523454904 2601 391 0 201 0 0 0 0 0 0 0 0 0 8
1523862265 2602 391 0 201 0 0 0 0 0 0 0 0 0 8
1523862503 2602 391 0 201 0 0 0 0 0 0 0 0 0 8
1523865722 2605 391 0 201 0 0 0 0 0 0 0 0 0 8
1523865849 2605 394 0 201 0 0 0 0 0 0 0 0 0 8
1523958914 2605 407 0 201 0 0 0 0 0 0 0 0 0 8
1523959651 2605 407 0 201 0 0 0 0 0 0 0 0 0 8
1523966243 2609 407 0 201 0 0 0 0 0 0 0 0 0 8
1523966533 2611 407 0 201 0 0 0 0 0 0 0 0 0 8
1523967940 2611 407 0 201 0 0 0 0 0 0 0 0 0 8
1523967967 2611 407 0 201 0 0 0 0 0 0 0 0 0 8
1523968864 2611 408 0 201 0 0 0 0 0 0 0 0 0 8
1523968928 2611 408 0 201 0 0 0 0 0 0 0 0 0 8
1523979298 2611 617 0 201 0 0 0 0 0 0 0 0 0 8
1523980285 2611 617 0 201 0 0 0 0 0 0 0 0 0 8
1523980991 2611 618 0 201 0 0 0 0 0 0 0 0 0 8
1524125837 2612 618 0 201 0 0 0 0 0 0 0 0 0 8
1524127579 2661 618 0 201 0 0 0 0 0 0 0 0 0 8
1524128282 2661 618 0 201 0 0 0 0 0 0 0 0 0 8
1524130882 2661 630 0 201 0 0 0 0 0 0 0 0 0 8
1524135012 2661 630 0 201 0 0 0 0 0 0 0 0 0 8
1524135316 2661 645 0 201 0 0 0 0 0 0 0 0 0 8
1524135665 2661 645 0 201 0 0 0 0 0 0 0 0 0 8
1524137086 2669 645 0 201 0 0 0 0 0 0 0 0 0 8
1524137716 2669 645 0 201 0 0 0 0 0 0 0 0 0 8
1524138528 2669 647 0 201 0 0 0 0 0 0 0 0 0 8
1524138929 2680 647 0 201 0 0 0 0 0 0 0 0 0 8
1524139068 2680 647 0 201 0 0 0 0 0 0 0 0 0 8
1524139146 2680 647 0 201 0 0 0 0 0 0 0 0 0 8
1524139214 2680 647 0 201 0 0 0 0 0 0 0 0 0 8
1524203490 2682 647 0 201 0 0 0 0 0 0 0 0 0 8
1524213606 2682 647 0 201 0 0 0 0 0 0 0 0 0 8
1524213913 2682 647 0 201 0 0 0 0 0 0 0 0 0 8
1524214340 2682 648 0 201 0 0 0 0 0 0 0 0 0 8
1524214813 2682 648 0 201 0 0 0 0 0 0 0 0 0 8
1524470943 2682 655 0 201 0 0 0 0 0 0 0 0 0 8
1524471014 2682 655 0 201 0 0 0 0 0 0 0 0 0 8
1524498710 2687 655 0 201 0 0 0 0 0 0 0 0 0 8
1524500706 2687 655 0 201 0 0 0 0 0 0 0 0 0 8
1524563353 2691 655 0 201 0 0 0 0 0 0 0 0 0 8
1524564659 2691 655 0 201 0 0 0 0 0 0 0 0 0 8
1524564691 2707 655 0 201 0 0 0 0 0 0 0 0 0 8
1524599023 3381 655 0 201 0 0 0 0 0 0 0 0 0 8
1524599133 3539 655 0 201 0 0 0 0 0 0 0 0 0 8
1524655514 3539 655 0 201 0 0 0 0 0 0 0 0 0 8
1524662600 3556 655 0 201 0 0 0 0 0 0 0 0 0 8
1524662715 3726 655 0 201 0 0 0 0 0 0 0 0 0 8
1524667374 3727 655 0 201 0 0 0 0 0 0 0 0 0 8
1524667410 3743 655 0 201 0 0 0 0 0 0 0 0 0 8
1524671868 3752 655 0 201 0 0 0 0 0 0 0 0 0 8
1524671880 3754 655 0 201 0 0 0 0 0 0 0 0 0 8
1524672013 3754 655 0 201 0 0 0 0 0 0 0 0 0 8
1524730504 3801 655 0 201 0 0 0 0 0 0 0 0 0 8
1524731194 3812 655 0 201 0 0 0 0 0 0 0 0 0 8
1524731397 3813 655 0 201 0 0 0 0 0 0 0 0 0 8
1524732013 3813 655 0 201 0 0 0 0 0 0 0 0 0 8
1524732314 3813 655 0 201 0 0 0 0 0 0 0 0 0 8
1524825167 3813 655 0 201 0 0 0 0 0 0 0 0 0 8
1524829506 3813 655 0 201 0 0 0 0 0 0 0 0 0 8
1525037698 3813 655 0 201 0 0 0 0 0 0 0 0 0 8
1525041307 3813 655 0 201 0 0 0 0 0 0 0 0 0 8
1525351104 3813 655 0 201 0 0 0 0 0 0 0 0 0 8
1525351209 3813 655 0 201 0 0 0 0 0 0 0 0 0 8
1526481297 3813 655 0 201 0 0 0 0 0 0 0 0 0 8
1526550065 3875 655 0 201 0 0 0 0 0 0 0 0 0 8
1526550313 4090 655 0 201 0 0 0 0 0 0 0 0 0 8
1526550619 4097 655 0 201 0 0 0 0 0 0 0 0 0 8
1526551500 4097 655 0 201 0 0 0 0 0 0 0 0 0 8
1526552674 4097 655 0 201 0 0 0 0 0 0 0 0 0 8
1526552827 4098 655 0 201 0 0 0 0 0 0 0 0 0 8
1526553909 4099 655 0 201 0 0 0 0 0 0 0 0 0 8
1526555555 4099 655 0 201 0 0 0 0 0 0 0 0 0 8
1526558501 4119 655 0 201 0 0 0 0 0 0 0 0 0 8
1526559999 4140 655 0 201 0 0 0 0 0 0 0 0 0 8
1526583878 4140 682 0 201 0 0 0 0 0 0 0 0 0 8
1526586913 4140 682 0 201 0 0 0 0 0 0 0 0 0 8
1526977602 4150 682 0 201 0 0 0 0 0 0 0 0 0 8
1526977829 4157 682 0 201 0 0 0 0 0 0 0 0 0 8
1527061850 4157 682 0 201 0 0 0 0 0 0 0 0 0 8
1527064242 4188 682 0 201 0 0 0 0 0 0 0 0 0 8
1527064508 4188 682 0 201 0 0 0 0 0 0 0 0 0 8
1527179772 4190 682 0 201 0 0 0 0 0 0 0 0 0 8
1528303424 4190 734 0 201 0 0 0 0 0 0 0 0 0 8
1528692424 4190 734 0 201 0 0 0 0 23 0 0 0 0 8
1528731321 4190 734 0 201 0 0 0 0 23 0 0 0 0 8
1528748201 4190 734 0 201 0 0 0 1 33 0 0 0 0 8
1528791913 4190 734 0 201 0 0 0 1 33 0 0 0 0 8
1528792211 4190 734 0 201 0 0 0 1 33 0 0 0 0 8
1528793393 4190 756 0 201 0 0 0 1 33 0 0 0 0 8
1528804513 4190 756 0 201 0 0 0 1 33 0 0 0 0 8
1528816922 4190 756 0 201 0 0 0 1 35 0 0 0 0 8
1528823124 4190 756 0 201 0 0 0 1 35 0 0 0 0 8
1529996207 4190 991 0 201 0 0 0 1 35 0 0 0 0 8
1529996260 4190 1548 0 201 0 0 0 1 35 0 0 0 0 8
1529996695 4190 1563 0 201 0 0 0 1 35 0 0 0 0 8
1529997064 4190 1575 0 201 0 0 0 1 35 0 0 0 0 8
1529997684 4190 1578 0 201 0 0 0 1 35 0 0 0 0 8
1530001170 4190 1655 0 201 0 0 0 1 35 0 0 0 0 8
1530002974 4190 1657 0 201 0 0 0 1 35 0 0 0 0 8
1530003914 4190 1657 0 201 0 0 0 1 35 0 0 0 0 8
1530083865 4190 1658 0 201 0 0 0 1 35 0 0 0 0 8
1530166678 4197 1658 0 201 0 0 0 1 35 0 0 0 0 8
1530167086 4199 1658 0 201 0 0 0 1 35 0 0 0 0 8
1530177469 4199 1659 0 201 0 0 0 1 35 0 0 0 0 8
1530177491 4199 1659 0 201 0 0 0 1 35 0 0 0 0 8
1530177956 4199 1659 0 201 0 0 0 1 35 0 0 0 0 8
1530178015 4199 1659 0 201 0 0 0 1 35 0 0 0 0 8
1530178028 4199 1659 0 201 0 0 0 1 35 0 0 0 0 8
1530187378 4199 1659 0 201 0 0 0 1 35 0 0 0 0 8
1530187819 4199 1659 0 201 0 0 0 1 35 0 0 0 0 8
1530188391 4199 1659 0 201 0 0 0 1 35 0 0 0 0 8
1530188723 4199 1659 0 201 0 0 0 1 35 0 0 0 0 8
1530201554 4199 1659 0 201 0 0 0 1 35 0 0 1 0 8
1530202311 4199 1659 0 201 0 0 0 1 35 0 0 2 0 8
1530204021 4199 1659 0 201 0 0 0 1 35 0 0 2 0 8
1530392781 4199 1665 0 201 0 0 0 1 35 0 0 2 0 8
1530395288 4221 1665 0 201 0 0 0 1 35 0 0 2 0 8
1530395455 4243 1665 0 201 0 0 0 1 35 0 0 2 0 8
1530435611 4243 1665 0 201 0 0 0 1 35 0 0 2 0 8
1530436785 4243 1690 0 201 0 0 0 1 35 0 0 2 0 8
1530436806 4243 1690 0 201 0 0 0 1 35 0 0 2 0 8
1530437142 4243 1690 0 201 0 0 0 1 35 0 0 2 0 8
1530452849 4243 1691 0 201 0 0 0 1 35 0 0 2 0 8
1530465233 4243 1691 0 201 0 0 0 1 35 0 0 2 0 8
1530472769 4243 1691 0 201 0 0 0 1 35 0 0 2 0 8
1530472824 4243 1691 0 201 0 0 0 1 35 0 0 2 0 8
1530473006 4243 1691 0 201 0 0 0 30 35 0 0 2 0 8
1530513138 4243 1691 0 201 0 0 0 30 35 0 0 2 0 8
1530516001 4247 1691 0 201 0 0 0 30 35 0 0 2 0 8
1530516927 4247 1691 0 201 0 0 0 30 35 0 0 2 0 8
1530517128 4247 1704 0 201 0 0 0 30 35 0 0 2 0 8
1530517833 4247 1704 0 201 0 0 0 30 35 0 0 2 0 8
1530519241 4247 1707 0 201 0 0 0 30 35 0 0 2 0 8
1530519816 4247 1707 0 201 0 0 0 30 35 0 0 2 0 8
1530525516 4249 1707 0 201 0 0 0 30 35 0 0 2 0 8
1530621920 4249 1707 0 201 0 0 0 30 35 0 0 2 0 8
1530643023 4249 1707 0 201 0 0 0 30 35 0 10 2 0 8
1530643540 4249 1707 0 201 0 0 0 30 35 0 10 2 0 8
1530643569 4249 1707 0 201 0 0 0 30 35 0 10 2 0 8
1530646829 4249 1707 0 201 0 0 0 30 35 0 10 2 0 8
1530732401 4249 1738 0 201 0 0 0 30 35 0 10 2 0 8
1530885593 4249 1738 0 201 0 0 0 30 35 0 10 2 0 8
1530886215 4249 1738 0 201 0 0 0 30 35 0 10 2 0 8
1530887052 4249 1738 0 201 0 0 38 30 35 0 10 2 0 8
1530888654 4249 1739 0 201 0 0 38 30 35 0 10 2 0 8
1530888674 4249 1739 0 201 0 0 38 30 35 0 10 2 0 8
1530888884 4249 1739 0 201 0 0 38 30 35 0 10 2 0 8
1530893678 4249 1739 0 201 0 0 50 30 35 0 10 2 0 8
1530894005 4249 1739 0 201 0 0 50 30 35 0 10 2 0 8
1530970421 4249 1767 0 201 0 0 50 30 35 0 10 2 0 8
1531153010 4249 1767 0 201 0 0 98 30 35 0 10 2 0 8
1531153924 4249 1767 0 201 0 0 98 30 35 0 10 2 0 8
1531239633 4249 1767 0 201 0 0 98 30 35 0 10 2 0 8
1531239807 4249 1767 0 201 0 0 98 30 35 0 10 2 0 8
1531240545 4249 1767 0 201 0 0 877 30 35 0 10 2 0 8
1531241690 4249 1767 0 201 0 0 877 30 35 0 10 2 0 8
1531294699 4249 1767 0 201 0 0 893 30 35 0 10 2 0 8
1531295114 4249 1767 0 201 0 0 893 30 35 0 10 2 0 8
1531302127 4249 1767 0 201 0 0 900 30 35 0 10 2 0 8
1531302906 4249 1767 0 201 0 0 900 30 35 0 10 2 0 8
1531310614 4249 1767 0 201 0 0 911 30 35 0 10 2 0 8
1531311411 4249 1767 0 201 0 0 911 30 35 0 10 2 0 8
1531312985 4249 1767 0 201 0 0 911 30 35 0 19 2 0 8
1531731930 4249 1767 0 201 0 0 959 30 35 0 19 2 0 8
1531732346 4249 1767 0 201 0 0 959 30 35 0 19 2 0 8
1531736977 4249 1767 0 201 0 0 959 30 35 0 19 2 0 8
1531744532 4249 1767 0 281 0 0 959 30 35 0 19 2 0 8
1531750306 4249 1767 0 281 0 0 959 66 35 0 19 2 0 8
1531856253 4249 1767 0 281 0 0 959 83 35 0 19 2 0 8
1531856359 4249 1767 0 281 0 0 959 84 35 0 19 2 0 8
1531856664 4249 1767 0 281 0 0 978 84 35 0 19 2 0 8
1531857145 4249 1767 0 281 0 0 978 85 35 0 19 2 0 8
1531857192 4249 1767 0 281 0 0 978 86 35 0 19 2 0 8
1531857761 4249 1767 0 281 0 0 978 86 35 0 19 2 0 8
1531865814 4249 1767 0 281 0 0 978 86 35 0 19 2 0 8
1531886447 4249 1767 0 281 0 0 978 87 35 0 19 2 0 8
1531887259 4249 1767 0 281 0 0 978 87 35 0 19 2 0 8
1531919653 4249 1767 0 338 0 0 978 87 35 0 19 2 0 8
1531923401 4249 1767 0 338 0 0 978 88 35 0 19 2 0 8
1531924960 4249 1767 0 338 0 0 978 88 35 0 19 2 0 8
1531927199 4249 1767 0 338 0 0 978 88 35 0 19 2 0 8
1531931692 4249 1771 0 338 0 0 978 88 35 0 19 2 0 8
1531931830 4249 1771 0 338 0 0 978 88 35 0 19 2 0 8
1531931922 4249 1771 0 338 0 0 978 88 35 0 19 2 0 8
1532334383 4249 1771 0 338 0 0 978 88 35 0 19 2 0 8
1532357822 4249 1771 0 338 0 0 1002 88 35 0 19 2 0 8
1532358426 4249 1771 0 338 0 0 1002 88 35 0 19 2 0 8
1532359388 4249 1771 0 338 0 0 1012 88 35 0 19 2 0 8
1532359718 4249 1771 0 338 0 0 1012 88 35 0 19 2 0 8
1532378275 4249 1771 0 338 0 0 1023 88 35 0 19 2 0 8
1532378733 4249 1771 0 338 0 0 1023 88 35 0 19 2 0 8
1532429222 4249 1788 0 338 0 0 1023 88 35 0 19 2 0 8
1532449952 4249 1788 0 338 0 0 1023 88 35 0 19 2 0 8
1532494198 4249 1788 0 356 0 0 1023 88 35 0 19 2 0 8
1532497876 4251 1788 0 356 0 0 1023 88 35 0 19 2 0 8
1532498238 4252 1788 0 356 0 0 1023 88 35 0 19 2 0 8
1532584417 4252 1788 0 356 0 0 1023 88 35 0 19 2 0 8
1532584671 4252 1788 0 356 0 0 1023 88 35 0 19 2 0 8
1532601283 4252 1788 0 356 0 0 1039 88 35 0 19 2 0 8
1532601778 4252 1788 0 356 0 0 1039 88 35 0 19 2 0 8
1532713678 4252 1788 0 356 0 0 1058 88 35 0 19 2 0 8
1532714256 4252 1788 0 356 0 0 1058 88 35 0 19 2 0 8
1532795445 4252 1788 0 356 0 0 1069 88 35 0 19 2 0 8
1532795623 4252 1788 0 356 0 0 1069 88 35 0 19 2 0 8
1532935354 4252 1788 0 356 0 0 1082 88 35 0 19 2 0 8
1532936017 4252 1788 0 356 0 0 1082 88 35 0 19 2 0 8
1532949231 4252 1788 0 358 0 0 1082 88 35 0 19 2 0 8
1532954882 4253 1788 0 358 0 0 1082 88 35 0 19 2 0 8
1532972738 4253 1788 0 358 0 0 1082 88 35 0 19 2 0 8
1532994815 4253 1788 0 358 17 0 1082 88 35 0 19 2 0 8
1532995127 4253 1788 0 358 17 0 1082 88 35 0 19 2 0 8
1533107128 4253 1788 0 358 51 0 1082 88 35 0 19 2 0 8
1533107567 4253 1788 0 358 51 0 1082 88 35 0 19 2 0 8
1533120250 4255 1788 0 358 51 0 1082 88 35 0 19 2 0 8
1533127349 4582 1788 0 358 51 0 1082 88 35 0 19 2 0 8
1533130021 4607 1788 0 358 51 0 1082 88 35 0 19 2 0 8
1533225017 4607 1788 0 358 51 0 1082 88 35 0 19 2 0 8
1533295670 4607 1788 0 358 51 0 1082 88 35 0 19 2 0 8
1533296598 4607 1788 0 358 51 0 1957 88 35 0 19 2 0 8
1533297355 4607 1788 0 358 51 0 1957 88 35 0 19 2 0 8
1533561224 4607 1788 0 358 51 0 2007 88 35 0 19 2 0 8
1533561759 4607 1788 0 358 51 0 2007 88 35 0 19 2 0 8
1533625551 4614 1788 0 358 51 0 2007 88 35 0 19 2 0 8
1533625609 4614 1788 0 358 51 0 2007 88 35 0 19 2 0 8
1533625914 4614 1788 0 358 51 0 2007 88 35 0 19 2 0 8
1533727690 4634 1788 0 358 51 0 2007 88 35 0 19 2 0 8
1533727728 4635 1788 0 358 51 0 2007 88 35 0 19 2 0 8
1533730355 4636 1788 0 358 51 0 2007 88 35 0 19 2 0 8
1533741900 4636 1788 0 358 77 0 2007 88 35 0 19 2 0 8
1533742748 4636 1788 0 358 77 0 2007 88 35 0 19 2 0 8
1533746656 4636 1788 0 358 110 0 2007 88 35 0 19 2 0 8
1533747114 4636 1788 0 358 110 0 2007 88 35 0 19 2 0 8
1533749901 4636 1788 0 358 119 0 2007 88 35 0 19 2 0 8
1533750577 4636 1788 0 358 119 0 2007 88 35 0 19 2 0 8
1533754757 4636 1788 0 358 128 0 2007 88 35 0 19 2 0 8
1533755285 4636 1788 0 358 128 0 2007 88 35 0 19 2 0 8
1534530042 4636 1788 0 358 269 0 2007 88 35 0 19 2 0 8
1535363405 4636 1788 0 358 269 0 2007 88 35 0 19 2 0 8
1535476094 4636 1788 0 358 269 0 2007 88 35 0 19 2 0 8
1535477823 4636 1788 0 358 269 0 2007 88 35 0 19 2 0 8
1535480399 4636 1788 0 358 326 0 2007 88 35 0 19 2 0 8
1535481318 4636 1788 0 358 326 0 2007 88 35 0 19 2 0 8
1535487125 4636 1788 0 358 337 0 2007 88 35 0 19 2 0 8
1535487210 4636 1788 0 358 348 0 2007 88 35 0 19 2 0 8
1535487757 4636 1788 0 358 348 0 2007 88 35 0 19 2 0 8
1535488500 4636 1788 0 358 348 0 2007 88 35 0 19 2 0 8
1535488831 4636 1788 0 358 348 0 2007 88 35 0 19 2 0 8
1535543033 4636 1788 0 358 348 0 2007 88 35 0 19 2 0 8
1535543092 4636 1788 0 358 348 0 2007 88 35 0 19 2 0 8
1535543183 4636 1788 0 358 348 0 2007 88 35 0 19 2 0 8
1535545123 4636 1788 0 358 1225 0 2007 88 35 0 19 2 0 8
1535547562 4636 1788 0 358 1225 0 2007 88 35 0 19 2 0 8
1535580047 4636 1788 0 358 1265 0 2007 88 35 0 19 2 0 8
1535580823 4636 1788 0 358 1265 0 2007 88 35 0 19 2 0 8
1535583999 4636 1788 0 358 1275 0 2007 88 35 0 19 2 0 8
1535585636 4636 1788 0 358 1275 0 2007 88 35 0 19 2 0 8
1535777725 4636 1788 0 358 1320 0 2007 88 35 0 19 2 0 8
1535778209 4636 1788 0 358 1320 0 2007 88 35 0 19 2 0 8
1535959878 4641 1796 0 358 1320 0 2007 88 35 0 19 2 0 8
1535967665 4641 1797 0 358 1320 0 2007 88 35 0 19 2 0 8
1535968500 4641 1800 0 358 1320 0 2007 88 35 0 19 2 0 8
1535968834 4641 1800 0 358 1330 0 2007 88 35 0 19 2 0 8
1535969638 4641 1800 0 358 1330 0 2007 88 35 0 19 2 0 8
1535970481 4641 1801 0 358 1330 0 2007 88 35 0 19 2 0 8
1535973088 4641 1801 0 358 1330 0 2007 88 35 0 19 2 0 8
1535973941 4663 1801 0 358 1343 0 2007 88 35 0 19 2 0 8
1535975153 4682 1801 0 358 1343 0 2007 88 35 0 19 2 0 8
1535976400 4682 1801 0 358 1343 0 2007 88 35 0 19 2 0 8
1535977766 4682 1801 0 358 1343 0 2007 88 35 0 19 2 0 8
1535988744 4682 1801 0 358 1354 0 2007 88 35 0 19 2 0 8
1535989613 4682 1801 0 358 1354 0 2007 88 35 0 19 2 0 8
1535990338 4682 1801 0 358 1354 0 2007 88 35 0 19 2 0 8
1535990522 4682 1801 0 358 1354 0 2007 88 35 0 19 2 0 8
1536049567 4682 1801 0 358 1354 0 2007 88 35 0 19 2 0 8
1536056096 4790 1801 0 358 1354 0 2007 88 35 0 19 2 0 8
1536061599 4790 1801 0 358 1354 0 2007 88 35 0 19 2 0 8
1536130080 4791 1801 0 358 1354 0 2007 88 35 0 19 2 0 8
1536131080 4791 1801 0 358 1354 0 2007 88 35 0 19 2 0 8
1536131678 4791 1801 0 358 1354 0 2007 88 35 4 19 2 0 8
1536132586 4791 1801 0 358 1354 0 2007 88 35 4 19 2 0 8
1536133127 4791 1801 0 358 1354 0 2007 88 35 4 19 2 0 8
1536133472 4791 1801 0 358 1354 0 2007 88 35 4 19 2 0 8
1536133553 4791 1801 0 358 1354 0 2007 88 35 8 19 2 0 8
1536137405 4791 1801 0 358 1354 0 2007 88 35 8 19 2 0 8
1536137669 4791 1810 0 358 1354 0 2007 88 35 8 19 2 0 8
1536141759 4791 1810 0 358 1354 0 2007 88 35 8 19 2 0 8
1536142512 5251 1810 0 358 1354 0 2007 88 35 8 19 2 0 8
1536143005 5275 1810 0 358 1354 0 2007 88 35 8 19 2 0 8
1536143476 5275 1810 0 358 1354 0 2007 88 35 8 19 2 0 8
1536144291 5327 1810 0 358 1354 0 2007 88 35 8 19 2 0 8
1536145352 5328 1810 0 358 1354 0 2007 88 35 8 19 2 0 8
1536146118 5328 1810 0 358 1354 0 2007 88 35 8 19 2 0 8
1536153201 5328 1810 0 358 1400 0 2007 88 35 8 19 2 0 8
1536154543 5328 1810 0 358 1400 0 2007 88 35 8 19 2 0 8
1536215791 5331 1810 0 358 1400 0 2007 88 35 8 19 2 0 8
1536216042 5331 1810 0 358 1400 0 2007 88 35 8 19 2 0 8
1536216245 5331 1810 0 358 1400 0 2007 88 35 8 19 2 0 8
1536235089 5337 1810 0 358 1400 0 2007 88 35 8 19 2 0 8
1536235116 5377 1810 0 358 1400 0 2007 88 35 8 19 2 0 8
1536236916 5412 1810 0 358 1400 0 2007 88 35 8 19 2 0 8
1536241939 5412 1810 0 358 1416 0 2007 88 35 8 19 2 0 8
1536242651 5412 1810 0 358 1416 0 2007 88 35 8 19 2 0 8
1536300525 5412 1810 0 358 1416 0 2007 88 35 8 19 2 0 8
1536300537 5412 1810 0 358 1416 0 2007 88 35 8 19 2 0 8
1536300550 5412 1810 0 358 1416 0 2007 88 35 8 19 2 0 8
1536300598 5412 1810 0 358 1416 0 2007 88 35 8 19 2 0 8
1536303166 5412 1810 0 358 1416 0 2007 88 35 8 19 2 0 8
1536314242 5412 1810 0 358 1416 0 2007 88 35 8 19 2 0 8
1536314244 5412 1810 0 358 1416 0 2007 88 35 8 19 2 0 8
1536315802 5412 1810 0 358 1416 0 2007 88 35 8 19 2 0 8
1536317894 5412 1810 0 358 1416 0 2007 88 35 8 19 2 0 8
1536318461 5412 1810 0 358 1416 0 2007 88 35 8 19 2 0 8
1536856035 5412 1810 0 358 1416 0 2007 88 35 8 19 2 0 8
1536856287 5412 1810 0 358 1416 0 2007 88 35 8 19 2 0 8
1537115138 5428 1810 0 358 1416 0 2007 88 35 8 19 2 0 8
1537166655 5428 1810 0 358 1485 0 2007 88 35 8 19 2 0 8
1537167047 5798 1810 0 358 1485 0 2007 88 35 8 19 2 0 8
1537170593 5798 1810 0 358 1485 0 2007 88 35 8 19 2 0 8
1537170617 5800 1810 0 358 1485 0 2007 88 35 8 19 2 0 8
1537171690 5804 1810 0 358 1485 0 2007 88 35 8 19 2 0 8
1537171721 5804 1810 0 358 1485 0 2007 88 35 8 19 2 0 8
1537171995 5847 1810 0 358 1485 0 2007 88 35 8 19 2 0 8
1537172692 5847 1810 0 358 1485 0 2007 88 35 8 19 2 0 8
1537173184 5848 1810 0 358 1485 0 2007 88 35 8 19 2 0 8
1537173229 5848 1810 0 358 1485 0 2007 88 35 8 19 2 0 8
1537173843 5886 1810 0 358 1485 0 2007 88 35 8 19 2 0 8
1537179540 5886 1810 0 358 1485 0 2007 88 35 8 19 2 0 8
1537179722 5886 1810 0 358 1485 0 2007 88 35 8 19 2 0 8
1537179883 5886 1810 0 358 1495 0 2007 88 35 8 19 2 0 8
1537181298 5886 1810 0 358 1495 0 2007 88 35 8 19 2 0 8
1537197603 5886 1810 0 358 1495 0 2007 88 35 8 19 2 0 8
1537199296 5920 1810 0 358 1495 0 2007 88 35 8 19 2 0 8
1537205317 5937 1810 0 358 1495 0 2007 88 35 8 19 2 0 8
1537205576 5937 1810 0 358 1495 0 2007 88 35 8 19 2 0 8
1537255210 5961 1810 0 358 1495 0 2007 88 35 8 19 2 0 8
1537258623 5961 1810 0 358 1495 0 2007 88 35 8 19 2 0 8
1537259154 6006 1810 0 358 1495 0 2007 88 35 8 19 2 0 8
1537270011 6006 1810 0 358 1495 0 2007 88 35 8 19 2 0 8
1537270501 6006 1810 0 358 1495 0 2007 88 35 8 19 2 0 8
1537371754 6038 1810 0 358 1495 0 2007 88 35 8 19 2 0 8
1537372406 6038 1810 0 358 1495 0 2007 88 35 8 19 2 0 8
1537448396 6039 1810 0 358 1495 0 2007 88 35 8 19 2 0 8
1537453676 6039 1810 0 358 1495 0 2007 88 35 8 19 2 0 8
1537454592 6039 1810 0 358 1495 0 2007 88 35 8 19 2 0 8
1537476627 6039 1810 0 358 1495 0 2007 88 35 8 19 2 0 8
1537476631 6039 1810 0 358 1495 0 2007 88 35 8 19 2 0 8
1537647039 6039 1810 0 358 1569 0 2007 88 35 8 19 2 0 8
1537647822 6039 1810 0 358 1569 0 2007 88 35 8 19 2 0 8
1537723827 6055 1810 0 358 1569 0 2007 88 35 8 19 2 0 8
1537772813 6055 1810 0 358 1569 0 2007 88 35 8 19 2 0 8
1537772950 6055 1810 0 358 1569 0 2007 88 35 8 19 2 0 8
1537773407 6055 1810 0 358 1569 0 2007 88 35 8 19 2 0 8
1537773687 6055 1810 0 358 1569 0 2007 88 35 8 19 2 0 8
1537774219 6055 1810 0 358 1569 0 2007 88 35 8 19 2 0 8
1537775411 6055 1810 0 358 1569 0 2007 88 35 8 19 2 0 8
1537805875 6055 1810 0 358 1569 0 2007 88 35 8 19 2 0 8
1537806554 6055 1810 0 358 1569 0 2007 88 35 8 19 2 0 8
1537806745 6055 1810 0 358 1569 0 2007 88 35 8 19 2 0 8
1537806751 6055 1810 0 358 1569 0 2007 88 35 8 19 2 0 8
1537806755 6055 1810 0 358 1569 0 2007 88 35 8 19 2 0 8
1537808181 6055 1810 0 358 1569 0 2007 88 35 8 19 2 0 8
1537813698 6055 1810 0 358 1569 0 2007 88 35 8 19 2 0 8
1537813751 6055 1810 0 358 1569 0 2007 88 35 8 19 2 0 8
1537813839 6055 1810 0 358 1569 0 2007 88 35 8 19 2 0 8
1537813859 6055 1810 0 358 1569 0 2007 88 35 8 19 2 0 8
1537813869 6055 1810 0 358 1569 0 2007 88 35 8 19 2 0 8
1537970956 6055 1812 0 358 1569 0 2007 88 35 8 19 2 0 8
1537971087 6055 1815 0 358 1569 0 2007 88 35 8 19 2 0 8
1537973008 6055 1822 0 358 1569 0 2007 88 35 8 19 2 0 8
1537979298 6055 1823 0 358 1569 0 2007 88 35 8 19 2 0 8
1537981250 6055 1823 0 360 1569 0 2007 88 35 8 19 2 0 8
1537991724 6089 1823 0 360 1569 0 2007 88 35 8 19 2 0 8
1537991996 6089 1823 0 360 1569 0 2007 88 35 8 19 2 0 8
1537992068 6089 1823 0 360 1569 0 2007 88 35 8 19 2 0 8
1537992115 6089 1823 0 361 1569 0 2007 88 35 8 19 2 0 8
1537993349 6089 1823 0 361 1569 0 2007 88 35 8 19 2 0 8
1537999985 6089 1823 0 361 1621 0 2007 88 35 8 19 2 0 8
1538001394 6089 1823 0 361 1621 0 2007 88 35 8 19 2 0 8
1538034302 6095 1823 0 361 1621 0 2007 88 35 8 19 2 0 8
1538070068 6095 1823 0 361 1621 0 2007 88 35 8 19 2 0 8
1538120455 6095 1823 0 361 1621 0 2007 88 35 8 19 2 0 8
1538151136 6095 1823 0 361 1641 0 2007 88 35 8 19 2 0 8
1538151675 6095 1823 0 361 1641 0 2007 88 35 8 19 2 0 8
1538217163 6095 1823 0 361 1659 0 2007 88 35 8 19 2 0 8
1538217845 6095 1823 0 361 1659 0 2007 88 35 8 19 2 0 8
1538517812 6095 1823 0 361 1681 0 2007 88 35 8 19 2 0 8
1538518645 6095 1823 0 361 1681 0 2007 88 35 8 19 2 0 8
1538559898 6096 1823 0 361 1681 0 2007 88 35 8 19 2 0 8
1538651869 6196 1823 0 361 1681 0 2007 88 35 8 19 2 0 8
1538653703 6197 1823 0 361 1681 0 2007 88 35 8 19 2 0 8
1538759486 6218 1823 0 361 1681 0 2007 88 35 8 19 2 0 8
1538941932 6218 1823 0 361 1681 0 2007 88 35 8 19 2 0 8
1538982527 6218 1823 0 361 1681 0 2007 88 35 8 19 2 0 8
1539074714 6218 1823 0 361 1681 0 2007 88 35 8 19 2 0 8
1539090160 6218 1823 0 361 1720 0 2007 88 35 8 19 2 0 8
1539091675 6218 1823 0 361 1720 0 2007 88 35 8 19 2 0 8
1539096893 6222 1823 0 361 1720 0 2007 88 35 8 19 2 0 8
1539120856 6222 1823 0 361 1729 0 2007 88 35 8 19 2 0 8
1539121966 6222 1823 0 361 1729 0 2007 88 35 8 19 2 0 8
1539131534 6222 1823 0 361 1738 0 2007 88 35 8 19 2 0 8
1539132342 6222 1823 0 361 1738 0 2007 88 35 8 19 2 0 8
1539164369 6222 1966 0 361 1738 0 2007 88 35 8 19 2 0 8
1539164440 6222 1966 0 361 1738 0 2007 88 35 8 19 2 0 8
1539165484 6222 1966 0 361 1738 0 2007 88 35 8 19 2 0 8
1539165568 6222 1967 0 361 1738 0 2007 88 35 8 19 2 0 8
1539165603 6222 1967 0 361 1738 0 2007 88 35 8 19 2 0 8
1539177300 6222 1967 0 361 1738 0 2007 88 35 8 19 2 0 8
1539179487 6224 1967 0 361 1738 0 2007 88 35 8 19 2 0 8
1539179850 6227 1967 0 361 1738 0 2007 88 35 8 19 2 0 8
1539188207 6228 1967 0 361 1738 0 2007 88 35 8 19 2 0 8
1539188754 6228 1967 0 361 1738 0 2007 88 35 8 19 2 0 8
1539196191 6229 1967 0 361 1738 0 2007 88 35 8 19 2 0 8
1539196323 6229 1967 0 361 1741 0 2007 88 35 8 19 2 0 8
1539196813 6229 1967 0 361 1741 0 2007 88 35 8 19 2 0 8
1539197018 6229 2001 0 361 1741 0 2007 88 35 8 19 2 0 8
1539197116 6229 2001 0 361 1741 0 2007 88 35 8 19 2 0 8
1539197733 6229 2001 0 361 1741 0 2007 88 35 8 19 2 0 8
1539198477 6229 2002 0 361 1741 0 2007 88 35 8 19 2 0 8
1539269121 6229 2002 0 361 1741 0 2007 88 35 8 19 2 0 8
1539269579 6229 2002 0 361 1750 0 2007 88 35 8 19 2 0 8
1539270901 6229 2002 0 361 1750 0 2007 88 35 8 19 2 0 8
1539271127 6229 2002 0 361 1750 0 2007 88 35 8 19 2 0 8
1539271471 6229 2002 0 361 1750 0 2007 88 35 8 19 2 0 8
1539328614 6229 2002 0 361 1762 0 2007 88 35 8 19 2 0 8
1539329161 6229 2002 0 361 1762 0 2007 88 35 8 19 2 0 8
1539338653 6229 2002 0 361 1765 0 2007 88 35 8 19 2 0 8
1539339098 6229 2002 0 361 1765 0 2007 88 35 8 19 2 0 8
1539348167 6229 2017 0 361 1765 0 2007 88 35 8 19 2 0 8
1539349491 6229 2023 0 361 1765 0 2007 88 35 8 19 2 0 8
1539349518 6229 2023 0 361 1765 0 2007 88 35 8 19 2 0 8
1539350663 6229 2023 0 361 1765 0 2007 88 35 8 19 2 0 8
1539351463 6229 2023 0 361 1765 0 2007 88 35 8 19 2 0 8
1539351470 6229 2023 0 361 1765 0 2007 88 35 8 19 2 0 8
1539352762 6229 2023 0 361 1765 0 2007 88 35 8 19 2 0 8
1539588795 6229 2023 0 361 1765 0 2007 88 35 8 19 2 0 8
1539674758 6263 2023 0 361 1765 0 2007 88 35 8 19 2 0 8
1539680800 6263 2023 0 361 1765 0 2007 88 35 8 19 2 0 8
1539680924 6263 2023 0 361 1765 0 2007 88 35 8 19 2 0 8
1539688654 6263 2023 0 361 1765 0 2007 88 35 8 19 2 0 8
1539690997 6273 2023 0 361 1765 0 2007 88 35 8 19 2 0 8
1539692386 6273 2023 0 361 1765 0 2007 88 35 8 19 2 0 8
1539694542 6277 2023 0 361 1765 0 2007 88 35 8 19 2 0 8
1539695234 6277 2023 0 361 1765 0 2007 88 35 8 19 2 0 8
1539724636 6277 2023 0 361 1840 0 2007 88 35 8 19 2 0 8
1539725987 6277 2023 0 361 1840 0 2007 88 35 8 19 2 0 8
1539881883 6277 2023 0 361 1879 0 2007 88 35 8 19 2 0 8
1539882889 6277 2023 0 361 1879 0 2007 88 35 8 19 2 0 8
1540135594 6277 2023 0 361 1897 0 2007 88 35 8 19 2 0 8
1540135979 6277 2023 0 361 1897 0 2007 88 35 8 19 2 0 8
1540250276 6277 2023 0 361 1900 0 2007 88 35 8 19 2 0 8
1540250463 6277 2023 0 361 1900 0 2007 88 35 8 19 2 0 8
1540257009 6277 2023 0 361 1917 0 2007 88 35 8 19 2 0 8
1540257309 6277 2023 0 361 1917 0 2007 88 35 8 19 2 0 8
1540660467 6277 2023 0 361 1962 0 2007 88 35 8 19 2 0 8
1540725947 6277 2023 0 361 1962 0 2007 88 35 8 19 2 0 8
1540734320 6277 2023 0 361 1968 0 2007 88 35 8 19 2 0 8
1540736775 6277 2023 0 361 1968 0 2007 88 35 8 19 2 0 8
1540845230 6277 2023 0 361 1977 0 2007 88 35 8 19 2 0 8
1540845433 6277 2023 0 361 1977 0 2007 88 35 8 19 2 0 8
1540846861 6280 2023 0 361 1977 0 2007 88 35 8 19 2 0 8
1540886860 6280 2023 0 361 1977 0 2007 88 35 8 19 2 0 8
1540890567 6282 2023 0 361 1977 0 2007 88 35 8 19 2 0 8
1540893082 6282 2023 0 361 1977 0 2007 88 35 8 19 2 0 8
1540930770 6538 2023 0 361 1977 0 2007 88 35 8 19 2 0 8
1540931143 6556 2023 0 361 1977 0 2007 88 35 8 19 2 0 8
1540939267 6556 2023 0 361 1988 0 2007 88 35 8 19 2 0 8
1540939408 6557 2023 0 361 1988 0 2007 88 35 8 19 2 0 8
1540939576 6557 2023 0 361 1988 0 2007 88 35 8 19 2 0 8
1540939886 6557 2023 0 361 1988 0 2007 88 35 8 19 2 0 8
1540940034 6557 2023 0 361 1988 0 2007 88 35 8 19 2 0 8
1540940371 6557 2023 0 361 1988 0 2007 88 35 8 19 2 0 8
1540940443 6557 2023 0 361 1988 0 2007 88 35 8 19 2 0 8
1540940449 6557 2023 0 361 1988 0 2007 88 35 8 19 2 0 8
1540940477 6557 2023 0 361 1988 0 2007 88 35 8 19 2 0 8
1540940483 6557 2023 0 361 1988 0 2007 88 35 8 19 2 0 8
1540940753 6558 2023 0 361 1988 0 2007 88 35 8 19 2 0 8
1540971602 6645 2023 0 361 1988 0 2007 88 35 8 19 2 0 8
1540973352 6648 2023 0 361 1988 0 2007 88 35 8 19 2 0 8
1541060183 6648 2023 0 361 1988 0 2007 88 35 8 19 2 0 8
1541060197 6648 2023 0 361 1988 0 2007 88 35 8 19 2 0 8
1541060306 6660 2023 0 361 1988 0 2007 88 35 8 19 2 0 8
1541060377 6695 2023 0 361 1988 0 2007 88 35 8 19 2 0 8
1541060868 6695 2023 0 361 1988 0 2007 88 35 8 19 2 0 8
1541060880 6695 2023 0 361 1988 0 2007 88 35 8 19 2 0 8
1541060888 6695 2023 0 361 1988 0 2007 88 35 8 19 2 0 8
1541063569 6695 2023 0 361 1988 0 2007 88 35 8 19 2 0 8
1541064169 6696 2023 0 361 1988 0 2007 88 35 8 19 2 0 8
1541065147 6697 2023 0 361 1988 0 2007 88 35 8 19 2 0 8
1541065229 6697 2023 0 361 1988 0 2007 88 35 8 19 2 0 8
1541065322 6697 2023 0 361 1988 0 2007 88 35 8 19 2 0 8
1541065678 6697 2023 0 361 1988 0 2007 88 35 8 19 2 0 8
1541075741 6697 2026 0 361 1988 0 2007 88 35 8 19 2 0 8
1541076231 6697 2027 0 361 1988 0 2007 88 35 8 19 2 0 8
1541076460 6697 2027 0 361 1988 0 2007 88 35 8 19 2 0 8
1541076565 6697 2038 0 361 1988 0 2007 88 35 8 19 2 0 8
1541147716 6697 2061 0 361 1988 0 2007 88 35 8 19 2 0 8
1541148773 6697 2061 0 361 1988 0 2007 88 35 8 19 2 0 8
1541148838 6697 2061 0 361 1988 0 2007 88 35 8 19 2 0 8
1541149071 6697 2069 0 361 1988 0 2007 88 35 8 19 2 0 8
1541149817 6697 2069 0 361 1988 0 2007 88 35 8 19 2 0 8
1541150730 6739 2069 0 361 1988 0 2007 88 35 8 19 2 0 8
1541150791 6739 2069 0 361 1988 0 2007 88 35 8 19 2 0 8
1541154966 6739 2071 0 361 1988 0 2007 88 35 8 19 2 0 8
1541155708 6739 2071 0 361 1988 0 2007 88 35 8 19 2 0 8
1541156249 6746 2071 0 361 1988 0 2007 88 35 8 19 2 0 8
1541156410 6746 2096 0 361 1988 0 2007 88 35 8 19 2 0 8
1541156429 6746 2115 0 361 1988 0 2007 88 35 8 19 2 0 8
1541157504 6746 2117 0 361 1988 0 2007 88 35 8 19 2 0 8
1541158431 6746 2122 0 361 1988 0 2007 88 35 8 19 2 0 8
1541165922 6746 2152 0 361 1988 0 2007 88 35 8 19 2 0 8
1541347291 6746 2152 0 361 2002 0 2007 88 35 8 19 2 0 8
1541347544 6746 2152 0 361 2002 0 2007 88 35 8 19 2 0 8
1541354450 6746 2152 0 361 2002 0 2007 88 35 8 19 2 0 8
1541354480 6746 2152 0 361 2002 0 2007 88 35 8 19 2 0 8
1541371649 6746 2152 0 361 2010 0 2007 88 35 8 19 2 0 8
1541371842 6746 2157 0 361 2024 0 2007 88 35 8 19 2 0 8
1541375341 6746 2157 0 361 2024 0 2007 88 35 8 19 2 0 8
1541376657 6746 2164 0 361 2024 0 2007 88 35 8 19 2 0 8
1541377637 6746 2169 0 361 2024 0 2007 88 35 8 19 2 0 8
1541401383 6746 2169 0 361 2024 0 2007 88 35 8 19 2 0 8
1541403838 6746 2170 0 361 2024 0 2007 88 35 8 19 2 0 8
1541405538 6746 2192 0 361 2024 0 2007 88 35 8 19 2 0 8
1541405726 6746 2194 0 361 2024 0 2007 88 35 8 19 2 0 8
1541426867 6746 2194 0 361 2024 0 2007 88 35 8 19 2 0 8
1541482582 6808 2194 0 361 2024 0 2007 88 35 8 19 2 0 8
1541511846 6808 2195 0 361 2024 0 2007 88 35 8 19 2 0 8
1541511869 6808 2195 0 361 2024 0 2007 88 35 8 19 2 0 8
1541520491 6808 2196 0 361 2024 0 2007 88 35 8 19 2 0 8
1541520503 6808 2196 0 361 2024 0 2007 88 35 8 19 2 0 8
1541534512 6808 2197 0 361 2024 0 2007 88 35 8 19 2 0 8
1541534530 6808 2197 0 361 2024 0 2007 88 35 8 19 2 0 8
1541536701 6808 2197 0 361 2024 0 2007 88 35 8 19 2 0 8
1541536721 6808 2197 0 361 2024 0 2007 88 35 8 19 2 0 8
1541537498 6808 2197 0 361 2024 0 2007 88 35 8 19 2 0 8
1541576539 6808 2203 0 361 2024 0 2007 88 35 8 19 2 0 8
1541664163 6808 2203 0 361 2036 0 2007 88 35 8 19 2 0 8
1541665544 6808 2204 0 361 2036 0 2007 88 35 8 19 2 0 8
1541665575 6808 2204 0 361 2036 0 2007 88 35 8 19 2 0 8
1541666301 6808 2204 0 361 2036 0 2007 88 35 8 19 2 0 8
1541666472 6808 2204 0 361 2039 0 2007 88 35 8 19 2 0 8
1541667182 6808 2204 0 361 2039 0 2007 88 35 8 19 2 0 8
1541668379 6808 2204 0 361 2039 0 2007 88 35 8 19 2 0 8
1541668921 6808 2204 0 361 2039 0 2007 88 35 8 19 2 0 8
1541679657 6808 2204 0 361 2045 0 2007 88 35 8 19 2 0 8
1541680251 6808 2204 0 361 2045 0 2007 88 35 8 19 2 0 8
1541686019 6808 2204 0 361 2048 0 2007 88 35 8 19 2 0 8
1541686375 6808 2204 0 361 2048 0 2007 88 35 8 19 2 0 8
1541687136 6808 2204 0 361 2048 0 2007 88 35 8 19 2 0 8
1541701690 6808 2204 0 361 2054 0 2007 88 35 8 19 2 0 8
1541702703 6808 2204 0 361 2054 0 2007 88 35 8 19 2 0 8
1541938332 6808 2204 0 361 2054 0 2007 88 35 8 19 2 0 8
1541960459 6808 2204 0 361 2096 0 2007 88 35 8 19 2 0 8
1541961177 6808 2204 0 361 2096 0 2007 88 35 8 19 2 0 8
1542014225 6808 2207 0 361 2096 0 2007 88 35 8 19 2 0 8
1542128359 6808 2207 0 361 2096 0 2007 88 35 8 19 2 0 8
1542128662 6808 2207 0 361 2096 0 2007 88 35 8 19 2 0 8
1542223364 6808 2207 0 361 2111 0 2007 88 35 8 19 2 0 8
1542224478 6808 2207 0 361 2111 0 2007 88 35 8 19 2 0 8
1542281843 6808 2207 0 361 2119 0 2007 88 35 8 19 2 0 8
1542282772 6808 2207 0 361 2119 0 2007 88 35 8 19 2 0 8
1542292056 6808 2207 0 361 2122 0 2007 88 35 8 19 2 0 8
1542293674 6808 2207 0 361 2122 0 2007 88 35 8 19 2 0 8
1542331851 6808 2207 0 361 2158 0 2007 88 35 8 19 2 0 8
1542332625 6808 2207 0 361 2158 0 2007 88 35 8 19 2 0 8
1542362510 6808 2207 0 361 2158 0 2007 88 35 8 19 2 0 8
1542380200 6808 2207 0 361 2164 0 2007 88 35 8 19 2 0 8
1542381559 6808 2207 0 361 2164 0 2007 88 35 8 19 2 0 8
1542383087 6808 2207 0 361 2164 0 2007 88 35 8 19 2 0 8
1542462196 6808 2207 0 361 2176 0 2007 88 35 8 19 2 0 8
1542463146 6808 2207 0 361 2176 0 2007 88 35 8 19 2 0 8
1542651296 6819 2207 0 361 2176 0 2007 88 35 8 19 2 0 8
1542651824 6819 2207 0 361 2176 0 2007 88 35 8 19 2 0 8
1542656634 6819 2207 0 361 2179 0 2007 88 35 8 19 2 0 8
1542658202 6819 2207 0 361 2179 0 2007 88 35 8 19 2 0 8
1542667486 6819 2207 0 361 2179 0 2007 88 35 8 19 2 0 8
1542821627 6845 2207 0 361 2179 0 2007 88 35 8 19 2 0 8
1542861877 6845 2207 0 361 2179 0 2007 88 35 8 19 2 0 8
1542866709 6887 2207 0 361 2179 0 2007 88 35 8 19 2 0 8
1542879565 6887 2207 0 361 2179 0 2007 88 35 8 19 2 0 8
1542891163 6887 2207 0 361 2243 0 2007 88 35 8 19 2 0 8
1542892281 6887 2207 0 361 2243 0 2007 88 35 8 19 2 0 8
1542898452 6890 2207 0 361 2243 0 2007 88 35 8 19 2 0 8
1542898486 6890 2207 0 361 2243 0 2007 88 35 8 19 2 0 8
1543022758 6890 2207 0 361 2246 0 2007 88 35 8 19 2 0 8
1543023546 6890 2207 0 361 2246 0 2007 88 35 8 19 2 0 8
1543312201 6890 2329 0 361 2246 0 2007 88 35 8 19 2 0 8
1543312226 6890 2345 0 361 2246 0 2007 88 35 8 19 2 0 8
1543312739 6890 2386 0 361 2246 0 2007 88 35 8 19 2 0 8
1543312870 6890 2386 0 361 2246 0 2007 88 35 8 19 2 0 8
1543313345 6890 2386 0 361 2246 0 2007 88 35 8 19 2 0 8
1543389561 6890 2386 0 361 2255 0 2007 88 35 8 19 2 0 8
1543389901 6890 2386 0 361 2255 0 2007 88 35 8 19 2 0 8
1543395911 6890 2386 0 361 2258 0 2007 88 35 8 19 2 0 8
1543396225 7007 2386 0 361 2258 0 2007 88 35 8 19 2 0 8
1543844384 7796 2386 0 361 2258 0 2007 88 35 8 19 2 0 8
1543845477 7796 2386 0 361 2258 0 2007 88 35 8 19 2 0 8
1543848536 7805 2386 0 361 2258 0 2007 88 35 8 19 2 0 8
1543849370 7807 2386 0 361 2258 0 2007 88 35 8 19 2 0 8
1544115486 7807 2386 0 361 2269 0 2007 88 35 8 19 2 0 8
1544116697 7807 2386 0 361 2269 0 2007 88 35 8 19 2 0 8
1544194356 7807 2386 0 361 2301 0 2007 88 35 8 19 2 0 8
1544195408 7807 2386 0 361 2301 0 2007 88 35 8 19 2 0 8
1544485509 7807 2386 0 361 2313 0 2007 88 35 8 19 2 0 8
1544486412 7807 2386 0 361 2313 0 2007 88 35 8 19 2 0 8
1545066619 7813 2386 0 361 2313 0 2007 88 35 8 19 2 0 8
1545066709 7815 2386 0 361 2313 0 2007 88 35 8 19 2 0 8
1545066859 7816 2386 0 361 2313 0 2007 88 35 8 19 2 0 8
1545067489 7822 2386 0 361 2313 0 2007 88 35 8 19 2 0 8
1545076174 7822 2386 0 361 2313 0 2007 88 35 8 19 2 0 8
1545123408 7824 2386 0 361 2313 0 2007 88 35 8 19 2 0 8
1545123518 7824 2386 0 361 2313 0 2007 88 35 8 19 2 0 8
1547112243 7827 2386 0 361 2313 0 2007 88 35 8 19 2 0 8
1547112472 7827 2386 0 361 2313 0 2007 88 35 8 19 2 0 8
1547112841 7832 2386 0 361 2313 0 2007 88 35 8 19 2 0 8
1547112919 7832 2386 0 361 2313 0 2007 88 35 8 19 2 0 8
1547640608 7853 2386 0 361 2313 0 2007 88 35 8 19 2 0 8
1547640679 7854 2386 0 361 2313 0 2007 88 35 8 19 2 0 8
1547641961 7854 2386 0 361 2313 0 2007 88 35 8 19 2 0 8
1547646158 7855 2386 0 361 2313 0 2007 88 35 8 19 2 0 8
1547647429 7855 2386 0 361 2313 0 2007 88 35 8 19 2 0 8
1548233705 7858 2386 0 361 2313 0 2007 88 35 8 19 2 0 8
1548233804 7858 2386 0 361 2313 0 2007 88 35 8 19 2 0 8
1548233825 7858 2386 0 361 2313 0 2007 88 35 8 19 2 0 8
1548859960 7912 2386 0 361 2313 0 2007 88 35 8 19 2 0 8
1548860117 7912 2386 0 361 2313 0 2007 88 35 8 19 2 0 8
1548860259 7913 2386 0 361 2313 0 2007 88 35 8 19 2 0 8
1548860332 7913 2386 0 361 2313 0 2007 88 35 8 19 2 0 8
1549025407 7914 2386 0 361 2313 0 2007 88 35 8 19 2 0 8
1549027306 7914 2386 0 361 2313 0 2007 88 35 8 19 2 0 8
1549027329 7924 2386 0 361 2313 0 2007 88 35 8 19 2 0 8
1549027509 7925 2386 0 361 2313 0 2007 88 35 8 19 2 0 8
1549027537 7925 2386 0 361 2313 0 2007 88 35 8 19 2 0 8
1549035622 7937 2386 0 361 2313 0 2007 88 35 8 19 2 0 8
1549036219 7937 2386 0 361 2313 0 2007 88 35 8 19 2 0 8
1549877890 7941 2386 0 361 2313 0 2007 88 35 8 19 2 0 8
1549877928 7941 2386 0 361 2313 0 2007 88 35 8 19 2 0 8
1549878381 7957 2386 0 361 2313 0 2007 88 35 8 19 2 0 8
1549878454 7957 2386 0 361 2313 0 2007 88 35 8 19 2 0 8
1549880592 7979 2386 0 361 2313 0 2007 88 35 8 19 2 0 8
1549880626 7979 2386 0 361 2313 0 2007 88 35 8 19 2 0 8
1550164287 8234 2386 0 361 2313 0 2007 88 35 8 19 2 0 8
1550164319 8234 2386 0 361 2313 0 2007 88 35 8 19 2 0 8
1550493524 8235 2386 0 361 2313 0 2007 88 35 8 19 2 0 8
1550493574 8235 2386 0 361 2313 0 2007 88 35 8 19 2 0 8
1550649983 8310 2386 0 361 2313 0 2007 88 35 8 19 2 0 8
1550650294 8312 2386 0 361 2313 0 2007 88 35 8 19 2 0 8
1550650638 8312 2386 0 361 2313 0 2007 88 35 8 19 2 0 8
1550651312 8339 2386 0 361 2313 0 2007 88 35 8 19 2 0 8
