1516710403 0 0 0 1 0 0 0 0 0 0 0 0 0 0
1516710852 1 0 0 1 0 0 0 0 0 0 0 0 0 0
1516711491 2 0 0 1 0 0 0 0 0 0 0 0 0 0
1516728736 3 0 0 1 0 0 0 0 0 0 0 0 0 0
1516795749 4 0 0 1 0 0 0 0 0 0 0 0 0 0
1517155590 5 0 0 1 0 0 0 0 0 0 0 0 0 0
1517166719 6 0 0 1 0 0 0 0 0 0 0 0 0 0
1517170510 7 0 0 1 0 0 0 0 0 0 0 0 0 0
1517172072 8 0 0 1 0 0 0 0 0 0 0 0 0 0
1517177547 9 0 0 1 0 0 0 0 0 0 0 0 0 0
1517179353 10 0 0 1 0 0 0 0 0 0 0 0 0 0
1517180533 11 0 0 1 0 0 0 0 0 0 0 0 0 0
1517181173 12 0 0 1 0 0 0 0 0 0 0 0 0 0
1517403160 13 0 0 1 0 0 0 0 0 0 0 0 0 0
1517409102 14 0 0 1 0 0 0 0 0 0 0 0 0 0
1517413400 15 0 0 1 0 0 0 0 0 0 0 0 0 0
1517413650 16 0 0 1 0 0 0 0 0 0 0 0 0 0
1517414752 17 0 0 1 0 0 0 0 0 0 0 0 0 0
1517415342 18 0 0 1 0 0 0 0 0 0 0 0 0 0
1517415358 19 0 0 1 0 0 0 0 0 0 0 0 0 0
1517415652 20 0 0 1 0 0 0 0 0 0 0 0 0 0
1517415816 21 0 0 1 0 0 0 0 0 0 0 0 0 0
1517417853 22 0 0 1 0 0 0 0 0 0 0 0 0 0
1517417912 23 0 0 1 0 0 0 0 0 0 0 0 0 0
1517418678 24 0 0 1 0 0 0 0 0 0 0 0 0 0
1517433012 25 0 0 1 0 0 0 0 0 0 0 0 0 0
1517435308 26 0 0 1 0 0 0 0 0 0 0 0 0 0
1517437461 27 0 0 1 0 0 0 0 0 0 0 0 0 0
1517581240 28 0 0 1 0 0 0 0 0 0 0 0 0 0
1517581446 29 0 0 1 0 0 0 0 0 0 0 0 0 0
1517581615 30 0 0 1 0 0 0 0 0 0 0 0 0 0
1517996448 31 0 0 1 0 0 0 0 0 0 0 0 0 0
1517998975 32 0 0 1 0 0 0 0 0 0 0 0 0 0
1518192081 33 0 0 1 0 0 0 0 0 0 0 0 0 0
1518195070 34 0 0 1 0 0 0 0 0 0 0 0 0 0
1518195545 35 0 0 1 0 0 0 0 0 0 0 0 0 0
1518417274 36 0 0 1 0 0 0 0 0 0 0 0 0 0
1518417464 37 0 0 1 0 0 0 0 0 0 0 0 0 0
1519024407 38 0 0 1 0 0 0 0 0 0 0 0 0 0
1519294569 39 0 0 1 0 0 0 0 0 0 0 0 0 0
1519297274 40 0 0 1 0 0 0 0 0 0 0 0 0 0
1519302418 41 0 0 1 0 0 0 0 0 0 0 0 0 0
1519368686 42 0 0 1 0 0 0 0 0 0 0 0 0 0
1519718925 43 0 0 1 0 0 0 0 0 0 0 0 0 0
1519719960 44 0 0 1 0 0 0 0 0 0 0 0 0 0
1519721420 45 0 0 1 0 0 0 0 0 0 0 0 0 0
1519736672 46 0 0 1 0 0 0 0 0 0 0 0 0 0
1519918152 46 0 0 1 0 0 0 0 0 0 0 0 0 1
1519918403 46 0 0 2 0 0 0 0 0 0 0 0 0 1
1519984590 47 0 0 2 0 0 0 0 0 0 0 0 0 1
1519990416 48 0 0 2 0 0 0 0 0 0 0 0 0 1
1520241015 49 0 0 2 0 0 0 0 0 0 0 0 0 1
1520248539 50 0 0 2 0 0 0 0 0 0 0 0 0 1
1520429105 51 0 0 2 0 0 0 0 0 0 0 0 0 1
1520430060 52 0 0 2 0 0 0 0 0 0 0 0 0 1
1520431002 53 0 0 2 0 0 0 0 0 0 0 0 0 1
1520431022 54 0 0 2 0 0 0 0 0 0 0 0 0 1
1520935303 55 0 0 2 0 0 0 0 0 0 0 0 0 1
1520943691 56 0 0 2 0 0 0 0 0 0 0 0 0 1
1520958813 57 0 0 2 0 0 0 0 0 0 0 0 0 1
1521026181 58 0 0 2 0 0 0 0 0 0 0 0 0 1
1521027088 59 0 0 2 0 0 0 0 0 0 0 0 0 1
1521032155 60 0 0 2 0 0 0 0 0 0 0 0 0 1
1521035372 61 0 0 2 0 0 0 0 0 0 0 0 0 1
1521035390 62 0 0 2 0 0 0 0 0 0 0 0 0 1
1521037348 63 0 0 2 0 0 0 0 0 0 0 0 0 1
1521057900 64 0 0 2 0 0 0 0 0 0 0 0 0 1
1521104344 65 0 0 2 0 0 0 0 0 0 0 0 0 1
1521118763 66 0 0 2 0 0 0 0 0 0 0 0 0 1
1521453837 67 0 0 2 0 0 0 0 0 0 0 0 0 1
1521454248 68 0 0 2 0 0 0 0 0 0 0 0 0 1
1521550867 69 0 0 2 0 0 0 0 0 0 0 0 0 1
1521793989 70 0 0 2 0 0 0 0 0 0 0 0 0 1
1521796526 71 0 0 2 0 0 0 0 0 0 0 0 0 1
1522069053 72 0 0 2 0 0 0 0 0 0 0 0 0 1
1522309381 73 0 0 2 0 0 0 0 0 0 0 0 0 1
1522607413 74 0 0 2 0 0 0 0 0 0 0 0 0 1
1522608779 74 1 0 2 0 0 0 0 0 0 0 0 0 1
1523263490 74 2 0 2 0 0 0 0 0 0 0 0 0 1
1523356143 74 3 0 2 0 0 0 0 0 0 0 0 0 1
1523356878 74 4 0 2 0 0 0 0 0 0 0 0 0 1
1523358750 74 5 0 2 0 0 0 0 0 0 0 0 0 1
1523360117 75 5 0 2 0 0 0 0 0 0 0 0 0 1
1523362408 75 6 0 2 0 0 0 0 0 0 0 0 0 1
1523362490 75 7 0 2 0 0 0 0 0 0 0 0 0 1
1523374076 75 8 0 2 0 0 0 0 0 0 0 0 0 1
1523437106 76 8 0 2 0 0 0 0 0 0 0 0 0 1
1523449547 77 8 0 2 0 0 0 0 0 0 0 0 0 1
1523451087 78 8 0 2 0 0 0 0 0 0 0 0 0 1
1523451468 79 8 0 2 0 0 0 0 0 0 0 0 0 1
1523454794 79 9 0 2 0 0 0 0 0 0 0 0 0 1
1523454904 79 10 0 2 0 0 0 0 0 0 0 0 0 1
1523862265 80 10 0 2 0 0 0 0 0 0 0 0 0 1
1523862503 80 11 0 2 0 0 0 0 0 0 0 0 0 1
1523865722 81 11 0 2 0 0 0 0 0 0 0 0 0 1
1523865849 81 14 0 2 0 0 0 0 0 0 0 0 0 1
1523958914 81 15 0 2 0 0 0 0 0 0 0 0 0 1
1523959651 81 16 0 2 0 0 0 0 0 0 0 0 0 1
1523966243 82 16 0 2 0 0 0 0 0 0 0 0 0 1
1523966533 83 16 0 2 0 0 0 0 0 0 0 0 0 1
1523967940 83 17 0 2 0 0 0 0 0 0 0 0 0 1
1523967967 83 18 0 2 0 0 0 0 0 0 0 0 0 1
1523968864 83 19 0 2 0 0 0 0 0 0 0 0 0 1
1523968928 83 20 0 2 0 0 0 0 0 0 0 0 0 1
1523979298 83 21 0 2 0 0 0 0 0 0 0 0 0 1
1523980285 83 22 0 2 0 0 0 0 0 0 0 0 0 1
1523980991 83 23 0 2 0 0 0 0 0 0 0 0 0 1
1524125837 84 23 0 2 0 0 0 0 0 0 0 0 0 1
1524127579 85 23 0 2 0 0 0 0 0 0 0 0 0 1
1524128282 86 23 0 2 0 0 0 0 0 0 0 0 0 1
1524130882 86 24 0 2 0 0 0 0 0 0 0 0 0 1
1524135012 86 24 0 2 0 1 0 0 0 0 0 0 0 1
1524135316 86 26 0 2 0 2 0 0 0 0 0 0 0 1
1524135665 86 27 0 2 0 2 0 0 0 0 0 0 0 1
1524137086 87 27 0 2 0 2 0 0 0 0 0 0 0 1
1524137716 87 27 0 2 0 3 0 0 0 0 0 0 0 1
1524138528 87 28 0 2 0 3 0 0 0 0 0 0 0 1
1524138929 88 28 0 2 0 3 0 0 0 0 0 0 0 1
1524139068 88 28 0 3 0 3 0 0 0 0 0 0 0 1
1524139146 88 28 0 4 0 3 0 0 0 0 0 0 0 1
1524139214 88 28 0 4 0 4 0 0 0 0 0 0 0 1
1524203490 89 28 0 4 0 4 0 0 0 0 0 0 0 1
1524213606 89 28 0 4 0 5 0 0 0 0 0 0 0 1
1524213913 89 28 0 4 0 6 0 0 0 0 0 0 0 1
1524214340 89 29 0 4 0 6 0 0 0 0 0 0 0 1
1524214813 89 29 0 4 0 7 0 0 0 0 0 0 0 1
1524470943 89 30 0 4 0 7 0 0 0 0 0 0 0 1
1524471014 89 30 0 4 0 8 0 0 0 0 0 0 0 1
1524498710 90 30 0 4 0 8 0 0 0 0 0 0 0 1
1524500706 90 30 0 4 0 9 0 0 0 0 0 0 0 1
1524563353 91 30 0 4 0 9 0 0 0 0 0 0 0 1
1524564659 91 30 0 5 0 9 0 0 0 0 0 0 0 1
1524564691 92 30 0 5 0 9 0 0 0 0 0 0 0 1
1524599023 93 30 0 5 0 9 0 0 0 0 0 0 0 1
1524599133 94 30 0 5 0 9 0 0 0 0 0 0 0 1
1524655514 94 30 0 5 0 10 0 0 0 0 0 0 0 1
1524662600 95 30 0 5 0 10 0 0 0 0 0 0 0 1
1524662715 98 30 0 5 0 11 0 0 0 0 0 0 0 1
1524667374 99 30 0 5 0 11 0 0 0 0 0 0 0 1
1524667410 100 30 0 5 0 11 0 0 0 0 0 0 0 1
1524671868 101 30 0 5 0 11 0 0 0 0 0 0 0 1
1524671880 102 30 0 5 0 11 0 0 0 0 0 0 0 1
1524672013 102 30 0 5 0 12 0 0 0 0 0 0 0 1
1524730504 103 30 0 5 0 12 0 0 0 0 0 0 0 1
1524731194 104 30 0 5 0 12 0 0 0 0 0 0 0 1
1524731397 105 30 0 5 0 12 0 0 0 0 0 0 0 1
1524732013 105 30 0 5 0 13 0 0 0 0 0 0 0 1
1524732314 105 30 0 5 0 14 0 0 0 0 0 0 0 1
1524825167 106 30 0 5 0 14 0 0 0 0 0 0 0 1
1524829506 106 30 0 5 0 15 0 0 0 0 0 0 0 1
1525037698 107 30 0 5 0 15 0 0 0 0 0 0 0 1
1525041307 107 30 0 5 0 16 0 0 0 0 0 0 0 1
1525351104 107 31 0 5 0 16 0 0 0 0 0 0 0 1
1525351209 107 31 0 5 0 17 0 0 0 0 0 0 0 1
1526481297 108 31 0 5 0 17 0 0 0 0 0 0 0 1
1526550065 109 31 0 5 0 17 0 0 0 0 0 0 0 1
1526550313 110 31 0 5 0 18 0 0 0 0 0 0 0 1
1526550619 111 31 0 5 0 18 0 0 0 0 0 0 0 1
1526551500 111 31 0 6 0 18 0 0 0 0 0 0 0 1
1526552674 111 31 0 7 0 18 0 0 0 0 0 0 0 1
1526552827 112 31 0 7 0 18 0 0 0 0 0 0 0 1
1526553909 113 31 0 7 0 18 0 0 0 0 0 0 0 1
1526555555 114 31 0 7 0 18 0 0 0 0 0 0 0 1
1526558501 115 31 0 7 0 18 0 0 0 0 0 0 0 1
1526559999 116 31 0 7 0 18 0 0 0 0 0 0 0 1
1526583878 116 32 0 7 0 18 0 0 0 0 0 0 0 1
1526586913 116 32 0 7 0 19 0 0 0 0 0 0 0 1
1526977602 117 32 0 7 0 19 0 0 0 0 0 0 0 1
1526977829 118 32 0 7 0 19 0 0 0 0 0 0 0 1
1527061850 118 32 0 7 0 19 0 0 0 0 0 0 1 1
1527064242 119 32 0 7 0 19 0 0 0 0 0 0 1 1
1527064508 119 32 0 7 0 20 0 0 0 0 0 0 1 1
1527179772 120 32 0 7 0 20 0 0 0 0 0 0 1 1
1528303424 120 33 0 7 0 20 0 0 0 0 0 0 1 1
1528692424 120 33 0 7 0 20 0 0 1 0 0 0 1 1
1528731321 120 33 0 7 0 21 0 0 1 0 0 0 1 1
1528748201 120 33 0 7 0 21 0 1 2 0 0 0 1 1
1528791913 120 33 0 7 0 22 0 1 2 0 0 0 1 1
1528792211 120 33 0 7 0 23 0 1 2 0 0 0 1 1
1528793393 120 34 0 7 0 23 0 1 2 0 0 0 1 1
1528804513 120 34 0 7 0 24 0 1 2 0 0 0 1 1
1528816922 120 34 0 7 0 24 0 1 3 0 0 0 1 1
1528823124 120 34 0 7 0 25 0 1 3 0 0 0 1 1
1529996207 120 35 0 7 0 25 0 1 3 0 0 0 1 1
1529996260 120 36 0 7 0 25 0 1 3 0 0 0 1 1
1529996695 120 37 0 7 0 25 0 1 3 0 0 0 1 1
1529997064 120 38 0 7 0 25 0 1 3 0 0 0 1 1
1529997684 120 39 0 7 0 25 0 1 3 0 0 0 1 1
1530001170 120 40 0 7 0 25 0 1 3 0 0 0 1 1
1530002974 120 41 0 7 0 25 0 1 3 0 0 0 1 1
1530003914 120 41 0 7 0 26 0 1 3 0 0 0 1 1
1530083865 120 42 0 7 0 26 0 1 3 0 0 0 1 1
1530166678 121 42 0 7 0 26 0 1 3 0 0 0 1 1
1530167086 122 42 0 7 0 26 0 1 3 0 0 0 1 1
1530177469 122 43 0 7 0 26 0 1 3 0 0 0 1 1
1530177491 122 44 0 7 0 26 0 1 3 0 0 0 1 1
1530177956 122 45 0 7 0 26 0 1 3 0 0 0 1 1
1530178015 122 45 0 7 0 27 0 1 3 0 0 0 1 1
1530178028 122 46 0 7 0 27 0 1 3 0 0 0 1 1
1530187378 122 47 0 7 0 27 0 1 3 0 0 0 1 1
1530187819 122 47 0 7 0 28 0 1 3 0 0 0 1 1
1530188391 122 48 0 7 0 28 0 1 3 0 0 0 1 1
1530188723 122 48 0 7 0 29 0 1 3 0 0 0 1 1
1530201554 122 48 0 7 0 29 0 1 3 0 0 1 1 1
1530202311 122 48 0 7 0 29 0 1 3 0 0 2 1 1
1530204021 122 48 0 7 0 30 0 1 3 0 0 2 1 1
1530392781 122 49 0 7 0 30 0 1 3 0 0 2 1 1
1530395288 123 49 0 7 0 30 0 1 3 0 0 2 1 1
1530395455 124 49 0 7 0 30 0 1 3 0 0 2 1 1
1530435611 124 49 0 7 0 31 0 1 3 0 0 2 1 1
1530436785 124 50 0 7 0 31 0 1 3 0 0 2 1 1
1530436806 124 51 0 7 0 31 0 1 3 0 0 2 1 1
1530437142 124 51 0 7 0 32 0 1 3 0 0 2 1 1
1530452849 124 52 0 7 0 32 0 1 3 0 0 2 1 1
1530465233 124 52 1 7 0 32 0 1 3 0 0 2 1 1
1530472769 125 52 1 7 0 32 0 1 3 0 0 2 1 1
1530472824 125 52 1 8 0 32 0 1 3 0 0 2 1 1
1530473006 125 52 2 8 0 32 0 2 3 0 0 2 1 1
1530513138 125 52 3 8 0 32 0 2 3 0 0 2 1 1
1530516001 126 52 3 8 0 32 0 2 3 0 0 2 1 1
1530516927 126 52 3 8 0 33 0 2 3 0 0 2 1 1
1530517128 126 53 3 8 0 33 0 2 3 0 0 2 1 1
1530517833 126 54 3 8 0 33 0 2 3 0 0 2 1 1
1530519241 126 55 3 8 0 33 0 2 3 0 0 2 1 1
1530519816 126 56 3 8 0 33 0 2 3 0 0 2 1 1
1530525516 127 56 3 8 0 33 0 2 3 0 0 2 1 1
1530621920 127 56 3 8 0 34 0 2 3 0 0 2 1 1
1530643023 127 56 3 8 0 34 0 2 3 0 1 2 1 1
1530643540 127 56 3 8 0 35 0 2 3 0 1 2 1 1
1530643569 127 57 3 8 0 35 0 2 3 0 1 2 1 1
1530646829 127 57 3 8 0 36 0 2 3 0 1 2 1 1
1530732401 127 58 3 8 0 36 0 2 3 0 1 2 1 1
1530885593 127 59 3 8 0 36 0 2 3 0 1 2 1 1
1530886215 127 59 4 8 0 36 0 2 3 0 1 2 1 1
1530887052 127 59 4 8 0 36 1 2 3 0 1 2 1 1
1530888654 127 60 4 8 0 36 1 2 3 0 1 2 1 1
1530888674 127 61 4 8 0 36 1 2 3 0 1 2 1 1
1530888884 127 61 5 8 0 36 1 2 3 0 1 2 1 1
1530893678 127 61 5 8 0 36 2 2 3 0 1 2 1 1
1530894005 127 61 6 8 0 36 2 2 3 0 1 2 1 1
1530970421 127 62 6 8 0 36 2 2 3 0 1 2 1 1
1531153010 127 62 6 8 0 36 3 2 3 0 1 2 1 1
1531153924 127 62 7 8 0 36 3 2 3 0 1 2 1 1
1531239633 127 62 7 9 0 36 3 2 3 0 1 2 1 1
1531239807 127 62 7 10 0 36 3 2 3 0 1 2 1 1
1531240545 127 62 7 10 0 36 4 2 3 0 1 2 1 1
1531241690 127 62 8 10 0 36 4 2 3 0 1 2 1 1
1531294699 127 62 8 10 0 36 5 2 3 0 1 2 1 1
1531295114 127 62 9 10 0 36 5 2 3 0 1 2 1 1
1531302127 127 62 9 10 0 36 6 2 3 0 1 2 1 1
1531302906 127 62 10 10 0 36 6 2 3 0 1 2 1 1
1531310614 127 62 10 10 0 36 7 2 3 0 1 2 1 1
1531311411 127 62 11 10 0 36 7 2 3 0 1 2 1 1
1531312985 127 62 11 10 0 36 7 2 3 0 2 2 1 1
1531731930 127 62 11 10 0 36 8 2 3 0 2 2 1 1
1531732346 127 62 12 10 0 36 8 2 3 0 2 2 1 1
1531736977 127 62 12 11 0 36 8 2 3 0 2 2 1 1
1531744532 127 62 12 12 0 36 8 2 3 0 2 2 1 1
1531750306 127 62 12 12 0 36 8 3 3 0 2 2 1 1
1531856253 127 62 12 12 0 36 8 4 3 0 2 2 1 1
1531856359 127 62 12 12 0 36 8 5 3 0 2 2 1 1
1531856664 127 62 12 12 0 36 9 5 3 0 2 2 1 1
1531857145 127 62 12 12 0 36 9 6 3 0 2 2 1 1
1531857192 127 62 12 12 0 36 9 7 3 0 2 2 1 1
1531857761 127 62 13 12 0 36 9 7 3 0 2 2 1 1
1531865814 127 63 13 12 0 36 9 7 3 0 2 2 1 1
1531886447 127 63 13 12 0 36 9 8 3 0 2 2 1 1
1531887259 127 63 13 12 0 36 9 9 3 0 2 2 1 1
1531919653 127 63 13 13 0 36 9 9 3 0 2 2 1 1
1531923401 127 63 13 13 0 36 9 10 3 0 2 2 1 1
1531924960 128 63 13 13 0 36 9 10 3 0 2 2 1 1
1531927199 128 64 13 13 0 36 9 10 3 0 2 2 1 1
1531931692 128 65 13 13 0 36 9 10 3 0 2 2 1 1
1531931830 128 66 13 13 0 36 9 10 3 0 2 2 1 1
1531931922 128 66 14 13 0 36 9 10 3 0 2 2 1 1
1532334383 128 67 14 13 0 36 9 10 3 0 2 2 1 1
1532357822 128 67 14 13 0 36 10 10 3 0 2 2 1 1
1532358426 128 67 15 13 0 36 10 10 3 0 2 2 1 1
1532359388 128 67 15 13 0 36 11 10 3 0 2 2 1 1
1532359718 128 67 16 13 0 36 11 10 3 0 2 2 1 1
1532378275 128 67 16 13 0 36 12 10 3 0 2 2 1 1
1532378733 128 67 17 13 0 36 12 10 3 0 2 2 1 1
1532429222 128 68 17 13 0 36 12 10 3 0 2 2 1 1
1532449952 128 69 17 13 0 36 12 10 3 0 2 2 1 1
1532494198 128 69 17 14 0 36 12 10 3 0 2 2 1 1
1532497876 129 69 17 14 0 36 12 10 3 0 2 2 1 1
1532498238 130 69 17 14 0 36 12 10 3 0 2 2 1 1
1532584417 130 69 17 15 0 36 12 10 3 0 2 2 1 1
1532584671 130 69 18 15 0 36 12 10 3 0 2 2 1 1
1532601283 130 69 18 15 0 36 13 10 3 0 2 2 1 1
1532601778 130 69 19 15 0 36 13 10 3 0 2 2 1 1
1532713678 130 69 19 15 0 36 14 10 3 0 2 2 1 1
1532714256 130 69 20 15 0 36 14 10 3 0 2 2 1 1
1532795445 130 69 20 15 0 36 15 10 3 0 2 2 1 1
1532795623 130 69 21 15 0 36 15 10 3 0 2 2 1 1
1532935354 130 69 21 15 0 36 16 10 3 0 2 2 1 1
1532936017 130 69 22 15 0 36 16 10 3 0 2 2 1 1
1532949231 130 69 22 16 0 36 16 10 3 0 2 2 1 1
1532954882 131 69 22 16 0 36 16 10 3 0 2 2 1 1
1532972738 131 69 23 16 0 36 16 10 3 0 2 2 1 1
1532994815 131 69 23 16 1 36 16 10 3 0 2 2 1 1
1532995127 131 69 24 16 1 36 16 10 3 0 2 2 1 1
1533107128 131 69 24 16 2 36 16 10 3 0 2 2 1 1
1533107567 131 69 25 16 2 36 16 10 3 0 2 2 1 1
1533120250 132 69 25 16 2 36 16 10 3 0 2 2 1 1
1533127349 134 69 26 16 2 36 16 10 3 0 2 2 1 1
1533130021 135 69 26 16 2 36 16 10 3 0 2 2 1 1
1533225017 135 69 27 16 2 36 16 10 3 0 2 2 1 1
1533295670 135 70 27 16 2 36 16 10 3 0 2 2 1 1
1533296598 135 70 27 16 2 36 17 10 3 0 2 2 1 1
1533297355 135 70 28 16 2 36 17 10 3 0 2 2 1 1
1533561224 135 70 28 16 2 36 18 10 3 0 2 2 1 1
1533561759 135 70 29 16 2 36 18 10 3 0 2 2 1 1
1533625551 136 70 29 16 2 36 18 10 3 0 2 2 1 1
1533625609 136 70 29 17 2 36 18 10 3 0 2 2 1 1
1533625914 136 70 29 18 2 36 18 10 3 0 2 2 1 1
1533727690 137 70 29 18 2 36 18 10 3 0 2 2 1 1
1533727728 138 70 29 18 2 36 18 10 3 0 2 2 1 1
1533730355 139 70 29 18 2 36 18 10 3 0 2 2 1 1
1533741900 139 70 29 18 3 36 18 10 3 0 2 2 1 1
1533742748 139 70 30 18 3 36 18 10 3 0 2 2 1 1
1533746656 139 70 30 18 4 36 18 10 3 0 2 2 1 1
1533747114 139 70 31 18 4 36 18 10 3 0 2 2 1 1
1533749901 139 70 31 18 5 36 18 10 3 0 2 2 1 1
1533750577 139 70 32 18 5 36 18 10 3 0 2 2 1 1
1533754757 139 70 32 18 6 36 18 10 3 0 2 2 1 1
1533755285 139 70 33 18 6 36 18 10 3 0 2 2 1 1
1534530042 139 70 33 18 7 36 18 10 3 0 2 2 1 1
1535363405 139 70 34 18 7 36 18 10 3 0 2 2 1 1
1535476094 139 70 34 19 7 36 18 10 3 0 2 2 1 1
1535477823 139 70 34 20 7 36 18 10 3 0 2 2 1 1
1535480399 139 70 34 20 8 36 18 10 3 0 2 2 1 1
1535481318 139 70 35 20 8 36 18 10 3 0 2 2 1 1
1535487125 139 70 35 20 9 36 18 10 3 0 2 2 1 1
1535487210 139 70 35 20 10 36 18 10 3 0 2 2 1 1
1535487757 139 70 36 20 10 36 18 10 3 0 2 2 1 1
1535488500 139 70 36 21 10 36 18 10 3 0 2 2 1 1
1535488831 139 70 37 21 10 36 18 10 3 0 2 2 1 1
1535543033 139 70 37 22 10 36 18 10 3 0 2 2 1 1
1535543092 140 70 37 22 10 36 18 10 3 0 2 2 1 1
1535543183 140 70 37 23 10 36 18 10 3 0 2 2 1 1
1535545123 140 70 37 23 11 36 18 10 3 0 2 2 1 1
1535547562 140 70 37 24 11 36 18 10 3 0 2 2 1 1
1535580047 140 70 37 24 12 36 18 10 3 0 2 2 1 1
1535580823 140 70 38 24 12 36 18 10 3 0 2 2 1 1
1535583999 140 70 38 24 13 36 18 10 3 0 2 2 1 1
1535585636 140 70 39 24 13 36 18 10 3 0 2 2 1 1
1535777725 140 70 39 24 14 36 18 10 3 0 2 2 1 1
1535778209 140 70 40 24 14 36 18 10 3 0 2 2 1 1
1535959878 141 71 40 24 14 36 18 10 3 0 2 2 1 1
1535967665 141 72 40 24 14 36 18 10 3 0 2 2 1 1
1535968500 141 73 40 24 14 36 18 10 3 0 2 2 1 1
1535968834 141 73 40 24 15 36 18 10 3 0 2 2 1 1
1535969638 141 73 41 24 15 36 18 10 3 0 2 2 1 1
1535970481 141 74 41 24 15 36 18 10 3 0 2 2 1 1
1535973088 141 74 41 25 15 36 18 10 3 0 2 2 1 1
1535973941 142 74 41 25 16 36 18 10 3 0 2 2 1 1
1535975153 143 74 41 25 16 36 18 10 3 0 2 2 1 1
1535976400 143 74 41 26 16 36 18 10 3 0 2 2 1 1
1535977766 143 74 41 27 16 36 18 10 3 0 2 2 1 1
1535988744 143 74 41 27 17 36 18 10 3 0 2 2 1 1
1535989613 143 74 42 27 17 36 18 10 3 0 2 2 1 1
1535990338 143 74 42 28 17 36 18 10 3 0 2 2 1 1
1535990522 143 74 42 29 17 36 18 10 3 0 2 2 1 1
1536049567 143 74 42 30 17 36 18 10 3 0 2 2 1 1
1536056096 144 74 42 31 17 36 18 10 3 0 2 2 1 1
1536061599 144 74 43 31 17 36 18 10 3 0 2 2 1 1
1536130080 145 74 43 31 17 36 18 10 3 0 2 2 1 1
1536131080 145 74 44 31 17 36 18 10 3 0 2 2 1 1
1536131678 145 74 44 31 17 36 18 10 3 1 2 2 1 1
1536132586 146 74 44 31 17 36 18 10 3 1 2 2 1 1
1536133127 146 74 45 31 17 36 18 10 3 1 2 2 1 1
1536133472 146 75 45 31 17 36 18 10 3 1 2 2 1 1
1536133553 146 75 45 31 17 36 18 10 3 2 2 2 1 1
1536137405 146 76 45 31 17 36 18 10 3 2 2 2 1 1
1536137669 146 77 45 31 17 36 18 10 3 2 2 2 1 1
1536141759 146 77 45 32 17 36 18 10 3 2 2 2 1 1
1536142512 147 77 46 32 17 36 18 10 3 2 2 2 1 1
1536143005 148 77 46 32 17 36 18 10 3 2 2 2 1 1
1536143476 148 77 47 32 17 36 18 10 3 2 2 2 1 1
1536144291 149 77 47 32 17 36 18 10 3 2 2 2 1 1
1536145352 150 77 47 32 17 36 18 10 3 2 2 2 1 1
1536146118 150 77 48 32 17 36 18 10 3 2 2 2 1 1
1536153201 150 77 48 32 18 36 18 10 3 2 2 2 1 1
1536154543 150 77 49 32 18 36 18 10 3 2 2 2 1 1
1536215791 151 77 49 32 18 36 18 10 3 2 2 2 1 1
1536216042 151 77 49 33 18 36 18 10 3 2 2 2 1 1
1536216245 151 77 49 34 18 36 18 10 3 2 2 2 1 1
1536235089 152 77 49 34 18 36 18 10 3 2 2 2 1 1
1536235116 153 77 49 34 18 36 18 10 3 2 2 2 1 1
1536236916 154 77 49 34 18 36 18 10 3 2 2 2 1 1
1536241939 154 77 49 34 19 36 18 10 3 2 2 2 1 1
1536242651 154 77 50 34 19 36 18 10 3 2 2 2 1 1
1536300525 154 78 50 34 19 36 18 10 3 2 2 2 1 1
1536300537 154 79 50 34 19 36 18 10 3 2 2 2 1 1
1536300550 154 80 50 34 19 36 18 10 3 2 2 2 1 1
1536300598 154 81 50 34 19 36 18 10 3 2 2 2 1 1
1536303166 154 81 51 34 19 36 18 10 3 2 2 2 1 1
1536314242 154 82 51 34 19 36 18 10 3 2 2 2 1 1
1536314244 154 83 51 34 19 36 18 10 3 2 2 2 1 1
1536315802 154 83 52 34 19 36 18 10 3 2 2 2 1 1
1536317894 154 84 52 34 19 36 18 10 3 2 2 2 1 1
1536318461 154 84 53 34 19 36 18 10 3 2 2 2 1 1
1536856035 154 85 53 34 19 36 18 10 3 2 2 2 1 1
1536856287 154 85 54 34 19 36 18 10 3 2 2 2 1 1
1537115138 155 85 54 34 19 36 18 10 3 2 2 2 1 1
1537166655 155 85 54 34 20 36 18 10 3 2 2 2 1 1
1537167047 156 85 55 34 20 36 18 10 3 2 2 2 1 1
1537170593 156 85 55 35 20 36 18 10 3 2 2 2 1 1
1537170617 157 85 55 35 20 36 18 10 3 2 2 2 1 1
1537171690 158 85 55 35 20 36 18 10 3 2 2 2 1 1
1537171721 158 85 55 36 20 36 18 10 3 2 2 2 1 1
1537171995 159 85 55 36 20 36 18 10 3 2 2 2 1 1
1537172692 159 85 55 37 20 36 18 10 3 2 2 2 1 1
1537173184 160 85 55 37 20 36 18 10 3 2 2 2 1 1
1537173229 160 85 55 38 20 36 18 10 3 2 2 2 1 1
1537173843 161 85 55 38 20 36 18 10 3 2 2 2 1 1
1537179540 161 85 55 39 20 36 18 10 3 2 2 2 1 1
1537179722 161 85 55 40 20 36 18 10 3 2 2 2 1 1
1537179883 161 85 55 40 21 36 18 10 3 2 2 2 1 1
1537181298 161 85 55 41 21 36 18 10 3 2 2 2 1 1
1537197603 162 85 55 41 21 36 18 10 3 2 2 2 1 1
1537199296 163 85 55 41 21 36 18 10 3 2 2 2 1 1
1537205317 164 85 55 41 21 36 18 10 3 2 2 2 1 1
1537205576 164 85 55 42 21 36 18 10 3 2 2 2 1 1
1537255210 165 85 55 42 21 36 18 10 3 2 2 2 1 1
1537258623 165 85 56 42 21 36 18 10 3 2 2 2 1 1
1537259154 166 85 56 42 21 36 18 10 3 2 2 2 1 1
1537270011 166 86 56 42 21 36 18 10 3 2 2 2 1 1
1537270501 166 86 57 42 21 36 18 10 3 2 2 2 1 1
1537371754 167 86 57 42 21 36 18 10 3 2 2 2 1 1
1537372406 168 86 57 42 21 36 18 10 3 2 2 2 1 1
1537448396 169 86 57 42 21 36 18 10 3 2 2 2 1 1
1537453676 169 87 57 42 21 36 18 10 3 2 2 2 1 1
1537454592 169 87 58 42 21 36 18 10 3 2 2 2 1 1
1537476627 169 88 58 42 21 36 18 10 3 2 2 2 1 1
1537476631 169 89 58 42 21 36 18 10 3 2 2 2 1 1
1537647039 169 89 58 42 22 36 18 10 3 2 2 2 1 1
1537647822 169 89 59 42 22 36 18 10 3 2 2 2 1 1
1537723827 170 89 59 42 22 36 18 10 3 2 2 2 1 1
1537772813 170 90 59 42 22 36 18 10 3 2 2 2 1 1
1537772950 170 91 59 42 22 36 18 10 3 2 2 2 1 1
1537773407 170 92 59 42 22 36 18 10 3 2 2 2 1 1
1537773687 170 92 60 42 22 36 18 10 3 2 2 2 1 1
1537774219 170 93 60 42 22 36 18 10 3 2 2 2 1 1
1537775411 170 93 61 42 22 36 18 10 3 2 2 2 1 1
1537805875 170 93 61 43 22 36 18 10 3 2 2 2 1 1
1537806554 170 93 62 43 22 36 18 10 3 2 2 2 1 1
1537806745 170 93 62 44 22 36 18 10 3 2 2 2 1 1
1537806751 170 93 62 45 22 36 18 10 3 2 2 2 1 1
1537806755 170 93 62 46 22 36 18 10 3 2 2 2 1 1
1537808181 170 93 63 46 22 36 18 10 3 2 2 2 1 1
1537813698 170 93 63 47 22 36 18 10 3 2 2 2 1 1
1537813751 170 93 63 48 22 36 18 10 3 2 2 2 1 1
1537813839 170 93 63 49 22 36 18 10 3 2 2 2 1 1
1537813859 170 93 63 50 22 36 18 10 3 2 2 2 1 1
1537813869 170 93 63 51 22 36 18 10 3 2 2 2 1 1
1537970956 170 94 63 51 22 36 18 10 3 2 2 2 1 1
1537971087 170 95 63 51 22 36 18 10 3 2 2 2 1 1
1537973008 170 96 63 51 22 36 18 10 3 2 2 2 1 1
1537979298 170 97 63 51 22 36 18 10 3 2 2 2 1 1
1537981250 170 97 63 52 22 36 18 10 3 2 2 2 1 1
1537991724 171 97 63 52 22 36 18 10 3 2 2 2 1 1
1537991996 171 97 63 53 22 36 18 10 3 2 2 2 1 1
1537992068 171 97 63 54 22 36 18 10 3 2 2 2 1 1
1537992115 171 97 63 55 22 36 18 10 3 2 2 2 1 1
1537993349 171 97 64 55 22 36 18 10 3 2 2 2 1 1
1537999985 171 97 64 55 23 36 18 10 3 2 2 2 1 1
1538001394 171 97 65 55 23 36 18 10 3 2 2 2 1 1
1538034302 172 97 65 55 23 36 18 10 3 2 2 2 1 1
1538070068 172 98 65 55 23 36 18 10 3 2 2 2 1 1
1538120455 172 98 66 55 23 36 18 10 3 2 2 2 1 1
1538151136 172 98 66 55 24 36 18 10 3 2 2 2 1 1
1538151675 172 98 67 55 24 36 18 10 3 2 2 2 1 1
1538217163 172 98 67 55 25 36 18 10 3 2 2 2 1 1
1538217845 172 98 68 55 25 36 18 10 3 2 2 2 1 1
1538517812 172 98 68 55 26 36 18 10 3 2 2 2 1 1
1538518645 172 98 69 55 26 36 18 10 3 2 2 2 1 1
1538559898 173 98 69 55 26 36 18 10 3 2 2 2 1 1
1538651869 174 98 69 55 26 36 18 10 3 2 2 2 1 1
1538653703 175 98 69 55 26 36 18 10 3 2 2 2 1 1
1538759486 176 98 69 55 26 36 18 10 3 2 2 2 1 1
1538941932 176 98 70 55 26 36 18 10 3 2 2 2 1 1
1538982527 176 99 70 55 26 36 18 10 3 2 2 2 1 1
1539074714 176 99 70 56 26 36 18 10 3 2 2 2 1 1
1539090160 176 99 70 56 27 36 18 10 3 2 2 2 1 1
1539091675 176 99 71 56 27 36 18 10 3 2 2 2 1 1
1539096893 177 99 71 56 27 36 18 10 3 2 2 2 1 1
1539120856 177 99 71 56 28 36 18 10 3 2 2 2 1 1
1539121966 177 99 72 56 28 36 18 10 3 2 2 2 1 1
1539131534 177 99 72 56 29 36 18 10 3 2 2 2 1 1
1539132342 177 99 73 56 29 36 18 10 3 2 2 2 1 1
1539164369 177 100 73 56 29 36 18 10 3 2 2 2 1 1
1539164440 177 101 73 56 29 36 18 10 3 2 2 2 1 1
1539165484 177 101 74 56 29 36 18 10 3 2 2 2 1 1
1539165568 177 102 74 56 29 36 18 10 3 2 2 2 1 1
1539165603 177 103 74 56 29 36 18 10 3 2 2 2 1 1
1539177300 177 103 74 57 29 36 18 10 3 2 2 2 1 1
1539179487 178 103 74 57 29 36 18 10 3 2 2 2 1 1
1539179850 179 103 74 57 29 36 18 10 3 2 2 2 1 1
1539188207 180 103 74 57 29 36 18 10 3 2 2 2 1 1
1539188754 180 103 74 58 29 36 18 10 3 2 2 2 1 1
1539196191 181 103 74 58 29 36 18 10 3 2 2 2 1 1
1539196323 181 103 74 58 30 36 18 10 3 2 2 2 1 1
1539196813 181 103 75 58 30 36 18 10 3 2 2 2 1 1
1539197018 181 104 75 58 30 36 18 10 3 2 2 2 1 1
1539197116 181 105 75 58 30 36 18 10 3 2 2 2 1 1
1539197733 181 105 76 58 30 36 18 10 3 2 2 2 1 1
1539198477 181 106 76 58 30 36 18 10 3 2 2 2 1 1
1539269121 181 107 76 58 30 36 18 10 3 2 2 2 1 1
1539269579 181 107 76 58 31 36 18 10 3 2 2 2 1 1
1539270901 181 107 77 58 31 36 18 10 3 2 2 2 1 1
1539271127 181 108 77 58 31 36 18 10 3 2 2 2 1 1
1539271471 181 108 78 58 31 36 18 10 3 2 2 2 1 1
1539328614 181 108 78 58 32 36 18 10 3 2 2 2 1 1
1539329161 181 108 79 58 32 36 18 10 3 2 2 2 1 1
1539338653 181 108 79 58 33 36 18 10 3 2 2 2 1 1
1539339098 181 108 80 58 33 36 18 10 3 2 2 2 1 1
1539348167 181 109 80 58 33 36 18 10 3 2 2 2 1 1
1539349491 181 110 80 58 33 36 18 10 3 2 2 2 1 1
1539349518 181 111 80 58 33 36 18 10 3 2 2 2 1 1
1539350663 181 111 81 58 33 36 18 10 3 2 2 2 1 1
1539351463 181 112 81 58 33 36 18 10 3 2 2 2 1 1
1539351470 181 113 81 58 33 36 18 10 3 2 2 2 1 1
1539352762 181 114 81 58 33 36 18 10 3 2 2 2 1 1
1539588795 181 114 81 59 33 36 18 10 3 2 2 2 1 1
1539674758 182 114 81 59 33 36 18 10 3 2 2 2 1 1
1539680800 182 114 81 60 33 36 18 10 3 2 2 2 1 1
1539680924 182 115 81 60 33 36 18 10 3 2 2 2 1 1
1539688654 182 115 81 61 33 36 18 10 3 2 2 2 1 1
1539690997 183 115 81 61 33 36 18 10 3 2 2 2 1 1
1539692386 183 115 82 61 33 36 18 10 3 2 2 2 1 1
1539694542 184 115 82 61 33 36 18 10 3 2 2 2 1 1
1539695234 184 115 83 61 33 36 18 10 3 2 2 2 1 1
1539724636 184 115 83 61 34 36 18 10 3 2 2 2 1 1
1539725987 184 115 84 61 34 36 18 10 3 2 2 2 1 1
1539881883 184 115 84 61 35 36 18 10 3 2 2 2 1 1
1539882889 184 115 85 61 35 36 18 10 3 2 2 2 1 1
1540135594 184 115 85 61 36 36 18 10 3 2 2 2 1 1
1540135979 184 115 86 61 36 36 18 10 3 2 2 2 1 1
1540250276 184 115 86 61 37 36 18 10 3 2 2 2 1 1
1540250463 184 115 87 61 37 36 18 10 3 2 2 2 1 1
1540257009 184 115 87 61 38 36 18 10 3 2 2 2 1 1
1540257309 184 115 88 61 38 36 18 10 3 2 2 2 1 1
1540660467 184 115 88 61 39 36 18 10 3 2 2 2 1 1
1540725947 184 116 88 61 39 36 18 10 3 2 2 2 1 1
1540734320 184 116 88 61 40 36 18 10 3 2 2 2 1 1
1540736775 184 117 88 61 40 36 18 10 3 2 2 2 1 1
1540845230 184 117 88 61 41 36 18 10 3 2 2 2 1 1
1540845433 184 118 88 61 41 36 18 10 3 2 2 2 1 1
1540846861 185 118 88 61 41 36 18 10 3 2 2 2 1 1
1540886860 185 119 88 61 41 36 18 10 3 2 2 2 1 1
1540890567 186 119 88 61 41 36 18 10 3 2 2 2 1 1
1540893082 186 120 88 61 41 36 18 10 3 2 2 2 1 1
1540930770 187 120 88 61 41 36 18 10 3 2 2 2 1 1
1540931143 188 120 88 61 41 36 18 10 3 2 2 2 1 1
1540939267 188 120 88 61 42 36 18 10 3 2 2 2 1 1
1540939408 189 120 88 61 42 36 18 10 3 2 2 2 1 1
1540939576 189 120 88 62 42 36 18 10 3 2 2 2 1 1
1540939886 189 120 88 63 42 36 18 10 3 2 2 2 1 1
1540940034 189 120 88 64 42 36 18 10 3 2 2 2 1 1
1540940371 190 120 88 64 42 36 18 10 3 2 2 2 1 1
1540940443 190 120 88 65 42 36 18 10 3 2 2 2 1 1
1540940449 190 120 88 66 42 36 18 10 3 2 2 2 1 1
1540940477 190 120 88 67 42 36 18 10 3 2 2 2 1 1
1540940483 190 120 88 68 42 36 18 10 3 2 2 2 1 1
1540940753 191 120 88 68 42 36 18 10 3 2 2 2 1 1
1540971602 193 120 88 68 42 36 18 10 3 2 2 2 1 1
1540973352 194 120 88 68 42 36 18 10 3 2 2 2 1 1
1541060183 194 120 88 69 42 36 18 10 3 2 2 2 1 1
1541060197 194 120 88 70 42 36 18 10 3 2 2 2 1 1
1541060306 195 120 88 70 42 36 18 10 3 2 2 2 1 1
1541060377 196 120 88 71 42 36 18 10 3 2 2 2 1 1
1541060868 196 120 88 72 42 36 18 10 3 2 2 2 1 1
1541060880 196 120 88 73 42 36 18 10 3 2 2 2 1 1
1541060888 196 120 88 74 42 36 18 10 3 2 2 2 1 1
1541063569 196 120 88 75 42 36 18 10 3 2 2 2 1 1
1541064169 197 120 88 75 42 36 18 10 3 2 2 2 1 1
1541065147 198 120 88 75 42 36 18 10 3 2 2 2 1 1
1541065229 199 120 88 75 42 36 18 10 3 2 2 2 1 1
1541065322 200 120 88 75 42 36 18 10 3 2 2 2 1 1
1541065678 200 120 88 76 42 36 18 10 3 2 2 2 1 1
1541075741 200 121 88 76 42 36 18 10 3 2 2 2 1 1
1541076231 200 122 88 76 42 36 18 10 3 2 2 2 1 1
1541076460 200 123 88 76 42 36 18 10 3 2 2 2 1 1
1541076565 200 125 88 76 42 36 18 10 3 2 2 2 1 1
1541147716 200 126 88 76 42 36 18 10 3 2 2 2 1 1
1541148773 200 126 89 76 42 36 18 10 3 2 2 2 1 1
1541148838 200 127 89 76 42 36 18 10 3 2 2 2 1 1
1541149071 200 128 89 76 42 36 18 10 3 2 2 2 1 1
1541149817 200 128 90 76 42 36 18 10 3 2 2 2 1 1
1541150730 201 128 90 76 42 36 18 10 3 2 2 2 1 1
1541150791 202 128 90 76 42 36 18 10 3 2 2 2 1 1
1541154966 202 129 90 76 42 36 18 10 3 2 2 2 1 1
1541155708 202 130 90 76 42 36 18 10 3 2 2 2 1 1
1541156249 203 130 90 76 42 36 18 10 3 2 2 2 1 1
1541156410 203 132 90 76 42 36 18 10 3 2 2 2 1 1
1541156429 203 133 90 76 42 36 18 10 3 2 2 2 1 1
1541157504 203 134 90 76 42 36 18 10 3 2 2 2 1 1
1541158431 203 135 90 76 42 36 18 10 3 2 2 2 1 1
1541165922 203 136 90 76 42 36 18 10 3 2 2 2 1 1
1541347291 203 136 90 76 43 36 18 10 3 2 2 2 1 1
1541347544 203 136 91 76 43 36 18 10 3 2 2 2 1 1
1541354450 203 136 91 77 43 36 18 10 3 2 2 2 1 1
1541354480 203 136 91 78 43 36 18 10 3 2 2 2 1 1
1541371649 203 136 91 78 44 36 18 10 3 2 2 2 1 1
1541371842 203 137 92 79 45 36 18 10 3 2 2 2 1 1
1541375341 203 138 92 79 45 36 18 10 3 2 2 2 1 1
1541376657 203 139 92 79 45 36 18 10 3 2 2 2 1 1
1541377637 203 140 92 79 45 36 18 10 3 2 2 2 1 1
1541401383 203 140 93 79 45 36 18 10 3 2 2 2 1 1
1541403838 203 141 93 79 45 36 18 10 3 2 2 2 1 1
1541405538 203 142 93 79 45 36 18 10 3 2 2 2 1 1
1541405726 203 143 93 79 45 36 18 10 3 2 2 2 1 1
1541426867 203 143 93 80 45 36 18 10 3 2 2 2 1 1
1541482582 204 143 93 80 45 36 18 10 3 2 2 2 1 1
1541511846 204 144 93 80 45 36 18 10 3 2 2 2 1 1
1541511869 204 145 93 80 45 36 18 10 3 2 2 2 1 1
1541520491 204 146 93 80 45 36 18 10 3 2 2 2 1 1
1541520503 204 147 93 80 45 36 18 10 3 2 2 2 1 1
1541534512 204 148 93 80 45 36 18 10 3 2 2 2 1 1
1541534530 204 149 93 80 45 36 18 10 3 2 2 2 1 1
1541536701 204 150 93 80 45 36 18 10 3 2 2 2 1 1
1541536721 204 151 93 80 45 36 18 10 3 2 2 2 1 1
1541537498 204 152 93 80 45 36 18 10 3 2 2 2 1 1
1541576539 204 153 93 80 45 36 18 10 3 2 2 2 1 1
1541664163 204 153 93 80 46 36 18 10 3 2 2 2 1 1
1541665544 204 154 93 80 46 36 18 10 3 2 2 2 1 1
1541665575 204 155 93 80 46 36 18 10 3 2 2 2 1 1
1541666301 204 155 94 80 46 36 18 10 3 2 2 2 1 1
1541666472 204 155 94 80 47 36 18 10 3 2 2 2 1 1
1541667182 204 155 95 80 47 36 18 10 3 2 2 2 1 1
1541668379 204 155 95 81 47 36 18 10 3 2 2 2 1 1
1541668921 204 155 95 82 47 36 18 10 3 2 2 2 1 1
1541679657 204 155 95 82 48 36 18 10 3 2 2 2 1 1
1541680251 204 155 96 82 48 36 18 10 3 2 2 2 1 1
1541686019 204 155 96 82 49 36 18 10 3 2 2 2 1 1
1541686375 204 155 97 82 49 36 18 10 3 2 2 2 1 1
1541687136 204 155 97 83 49 36 18 10 3 2 2 2 1 1
1541701690 204 155 97 83 50 36 18 10 3 2 2 2 1 1
1541702703 204 155 98 83 50 36 18 10 3 2 2 2 1 1
1541938332 204 156 98 83 50 36 18 10 3 2 2 2 1 1
1541960459 204 156 98 83 51 36 18 10 3 2 2 2 1 1
1541961177 204 156 99 83 51 36 18 10 3 2 2 2 1 1
1542014225 204 157 99 83 51 36 18 10 3 2 2 2 1 1
1542128359 205 157 99 83 51 36 18 10 3 2 2 2 1 1
1542128662 206 157 99 83 51 36 18 10 3 2 2 2 1 1
1542223364 206 157 99 83 52 36 18 10 3 2 2 2 1 1
1542224478 206 157 100 83 52 36 18 10 3 2 2 2 1 1
1542281843 206 157 100 83 53 36 18 10 3 2 2 2 1 1
1542282772 206 157 101 83 53 36 18 10 3 2 2 2 1 1
1542292056 206 157 101 83 54 36 18 10 3 2 2 2 1 1
1542293674 206 157 102 83 54 36 18 10 3 2 2 2 1 1
1542331851 206 157 102 83 55 36 18 10 3 2 2 2 1 1
1542332625 206 157 103 83 55 36 18 10 3 2 2 2 1 1
1542362510 207 157 103 83 55 36 18 10 3 2 2 2 1 1
1542380200 207 157 103 83 56 36 18 10 3 2 2 2 1 1
1542381559 207 157 104 83 56 36 18 10 3 2 2 2 1 1
1542383087 208 157 104 83 56 36 18 10 3 2 2 2 1 1
1542462196 208 157 104 83 57 36 18 10 3 2 2 2 1 1
1542463146 208 157 105 83 57 36 18 10 3 2 2 2 1 1
1542651296 209 157 105 83 57 36 18 10 3 2 2 2 1 1
1542651824 209 157 105 84 57 36 18 10 3 2 2 2 1 1
1542656634 209 157 105 84 58 36 18 10 3 2 2 2 1 1
1542658202 209 157 106 84 58 36 18 10 3 2 2 2 1 1
1542667486 209 157 106 85 58 36 18 10 3 2 2 2 1 1
1542821627 210 157 106 85 58 36 18 10 3 2 2 2 1 1
1542861877 210 157 106 86 58 36 18 10 3 2 2 2 1 1
1542866709 211 157 106 86 58 36 18 10 3 2 2 2 1 1
1542879565 211 157 106 87 58 36 18 10 3 2 2 2 1 1
1542891163 211 157 106 87 59 36 18 10 3 2 2 2 1 1
1542892281 211 157 107 87 59 36 18 10 3 2 2 2 1 1
1542898452 212 157 107 87 59 36 18 10 3 2 2 2 1 1
1542898486 212 157 107 88 59 36 18 10 3 2 2 2 1 1
1543022758 212 157 107 88 60 36 18 10 3 2 2 2 1 1
1543023546 212 157 108 88 60 36 18 10 3 2 2 2 1 1
1543312201 212 158 108 88 60 36 18 10 3 2 2 2 1 1
1543312226 212 159 108 88 60 36 18 10 3 2 2 2 1 1
1543312739 212 160 108 88 60 36 18 10 3 2 2 2 1 1
1543312870 212 161 108 88 60 36 18 10 3 2 2 2 1 1
1543313345 212 161 109 88 60 36 18 10 3 2 2 2 1 1
1543389561 212 161 109 88 61 36 18 10 3 2 2 2 1 1
1543389901 212 161 110 88 61 36 18 10 3 2 2 2 1 1
1543395911 212 161 110 88 62 36 18 10 3 2 2 2 1 1
1543396225 216 161 111 88 62 36 18 10 3 2 2 2 1 1
1543844384 217 161 111 88 62 36 18 10 3 2 2 2 1 1
1543845477 217 161 111 89 62 36 18 10 3 2 2 2 1 1
1543848536 218 161 111 89 62 36 18 10 3 2 2 2 1 1
1543849370 219 161 111 89 62 36 18 10 3 2 2 2 1 1
1544115486 219 161 111 89 63 36 18 10 3 2 2 2 1 1
1544116697 219 161 112 89 63 36 18 10 3 2 2 2 1 1
1544194356 219 161 112 89 64 36 18 10 3 2 2 2 1 1
1544195408 219 161 113 89 64 36 18 10 3 2 2 2 1 1
1544485509 219 161 113 89 65 36 18 10 3 2 2 2 1 1
1544486412 219 161 114 89 65 36 18 10 3 2 2 2 1 1
1545066619 220 161 114 89 65 36 18 10 3 2 2 2 1 1
1545066709 221 161 114 89 65 36 18 10 3 2 2 2 1 1
1545066859 222 161 114 89 65 36 18 10 3 2 2 2 1 1
1545067489 223 161 114 89 65 36 18 10 3 2 2 2 1 1
1545076174 223 161 114 90 65 36 18 10 3 2 2 2 1 1
1545123408 224 161 114 90 65 36 18 10 3 2 2 2 1 1
1545123518 224 161 114 91 65 36 18 10 3 2 2 2 1 1
1547112243 225 161 114 91 65 36 18 10 3 2 2 2 1 1
1547112472 225 161 114 92 65 36 18 10 3 2 2 2 1 1
1547112841 226 161 114 92 65 36 18 10 3 2 2 2 1 1
1547112919 226 161 114 93 65 36 18 10 3 2 2 2 1 1
1547640608 227 161 114 93 65 36 18 10 3 2 2 2 1 1
1547640679 228 161 114 93 65 36 18 10 3 2 2 2 1 1
1547641961 228 161 115 93 65 36 18 10 3 2 2 2 1 1
1547646158 229 161 115 93 65 36 18 10 3 2 2 2 1 1
1547647429 229 161 115 94 65 36 18 10 3 2 2 2 1 1
1548233705 230 161 115 94 65 36 18 10 3 2 2 2 1 1
1548233804 230 161 115 95 65 36 18 10 3 2 2 2 1 1
1548233825 230 161 115 96 65 36 18 10 3 2 2 2 1 1
1548859960 231 161 115 96 65 36 18 10 3 2 2 2 1 1
1548860117 231 161 115 97 65 36 18 10 3 2 2 2 1 1
1548860259 232 161 115 97 65 36 18 10 3 2 2 2 1 1
1548860332 232 161 115 98 65 36 18 10 3 2 2 2 1 1
1549025407 233 161 115 98 65 36 18 10 3 2 2 2 1 1
1549027306 233 161 115 99 65 36 18 10 3 2 2 2 1 1
1549027329 234 161 115 99 65 36 18 10 3 2 2 2 1 1
1549027509 235 161 115 99 65 36 18 10 3 2 2 2 1 1
1549027537 235 161 115 100 65 36 18 10 3 2 2 2 1 1
1549035622 236 161 115 100 65 36 18 10 3 2 2 2 1 1
1549036219 236 161 115 101 65 36 18 10 3 2 2 2 1 1
1549877890 237 161 115 101 65 36 18 10 3 2 2 2 1 1
1549877928 237 161 115 102 65 36 18 10 3 2 2 2 1 1
1549878381 238 161 115 102 65 36 18 10 3 2 2 2 1 1
1549878454 238 161 115 103 65 36 18 10 3 2 2 2 1 1
1549880592 239 161 115 103 65 36 18 10 3 2 2 2 1 1
1549880626 239 161 115 104 65 36 18 10 3 2 2 2 1 1
1550164287 240 161 115 104 65 36 18 10 3 2 2 2 1 1
1550164319 240 161 115 105 65 36 18 10 3 2 2 2 1 1
1550493524 241 161 115 105 65 36 18 10 3 2 2 2 1 1
1550493574 241 161 115 106 65 36 18 10 3 2 2 2 1 1
1550649983 242 161 115 106 65 36 18 10 3 2 2 2 1 1
1550650294 243 161 115 106 65 36 18 10 3 2 2 2 1 1
1550650638 243 161 115 107 65 36 18 10 3 2 2 2 1 1
1550651312 244 161 115 107 65 36 18 10 3 2 2 2 1 1
