1516710403 201
1516710852 671
1516711491 669
1516728736 697
1516795749 686
1517155590 686
1517166719 682
1517170510 693
1517172072 697
1517177547 696
1517179353 1142
1517180533 1186
1517181173 1188
1517403160 1189
1517409102 1190
1517413400 1196
1517413650 1199
1517414752 1207
1517415342 1207
1517415358 1208
1517415652 1226
1517415816 1229
1517417853 1231
1517417912 1233
1517418678 1354
1517433012 1354
1517435308 1354
1517437461 1408
1517581240 1416
1517581446 1418
1517581615 1416
1517996448 1417
1517998975 1497
1518192081 1626
1518195070 1627
1518195545 1628
1518417274 1628
1518417464 1628
1519024407 1628
1519294569 1647
1519297274 1696
1519302418 1696
1519368686 1701
1519718925 1702
1519719960 1702
1519721420 1701
1519736672 1701
1519918403 1709
1519984590 1798
1519990416 1799
1520241015 1801
1520248539 1802
1520429105 1812
1520430060 1812
1520431002 1812
1520431022 1812
1520935303 1812
1520943691 1831
1520958813 2158
1521026181 2158
1521027088 2172
1521032155 2179
1521035372 2179
1521035390 2193
1521037348 2169
1521057900 2169
1521104344 2181
1521118763 2183
1521453837 2221
1521454248 2234
1521550867 2234
1521793989 2243
1521796526 2242
1522069053 2223
1522309381 2223
1523360117 2182
1523362490 2504
1523374076 2506
1523454794 2468
1523454904 2487
1523862503 2487
1523865849 2487
1523959651 2487
1523967940 2487
1523967967 2486
1523968928 2486
1523980285 2665
1523980991 2665
1524135012 2657
1524135316 2691
1524137716 2698
1524139068 2678
1524139146 2688
1524139214 2695
1524213606 2696
1524213913 2696
1524214813 2696
1524471014 2703
1524500706 2703
1524564659 2703
1524564691 2703
1524655514 3334
1524662715 3338
1524672013 3473
1524732013 3473
1524732314 3520
1524829506 3421
1525041307 3417
1525351209 3412
1526550313 3385
1526551500 3392
1526552674 3601
1526552827 3601
1526553909 3602
1526555555 3601
1526558501 3605
1526583878 3632
1526586913 3648
1527061850 3665
1527064508 3685
1527179772 3685
1528303424 3684
1528731321 3684
1528791913 3684
1528792211 3686
1528804513 3701
1528823124 3701
1530003914 4097
1530177469 4098
1530178015 4098
1530187819 4098
1530188723 4099
1530204021 4100
1530392781 4106
1530435611 4091
1530437142 4091
1530465233 4091
1530473006 4086
1530513138 4113
1530516927 4113
1530519241 4108
1530621920 4096
1530643540 4106
1530646829 4092
1530732401 4112
1530886215 4111
1530888654 4111
1530888884 4109
1530894005 4110
1530970421 4113
1531153924 4100
1531239807 3322
1531241690 4101
1531295114 4104
1531302906 4103
1531311411 4104
1531312985 4113
1531732346 4142
1531736977 4120
1531744532 4199
1531857761 4199
1531919653 4249
1531924960 4244
1531931922 4268
1532358426 4269
1532359718 4269
1532378733 4270
1532429222 4284
1532494198 4291
1532497876 4291
1532498238 4291
1532584671 4291
1532601778 4291
1532714256 4291
1532795623 4292
1532936017 4290
1532949231 4289
1532972738 4289
1532995127 4290
1533107567 4296
1533127349 4296
1533225017 4208
1533295670 3389
1533297355 4264
1533561759 4274
1533625914 4275
1533742748 4275
1533747114 4274
1533750577 4274
1533755285 4274
1535363405 4348
1535364036 3942
1535477823 4020
1535481318 4019
1535487757 4020
1535488831 4020
1535543183 3060
1535547562 3937
1535580823 3936
1535585636 3936
1535778209 3936
1535967665 3942
1535968500 3944
1535969638 3944
1535970481 3943
1535976400 3943
1535989613 3944
1536049567 3949
1536056096 3985
1536061599 4021
1536131080 4021
1536133127 4025
1536137405 3807
1536137669 3813
1536142512 3795
1536143476 3933
1536146118 3933
1536154543 3948
1536216245 3999
1536242651 3999
1536303166 4000
1536315802 4024
1536318461 4030
1536856287 4025
1537167047 4018
1537170593 4375
1537171721 4375
1537172692 4387
1537173229 4388
1537173843 4392
1537179540 4393
1537181298 4393
1537258623 4392
1537270501 4340
1537454592 4339
1537647822 4348
1537773687 4360
1537775411 4325
1537806554 4349
1537808181 4372
1537813698 4386
1537813751 4401
1537813839 4405
1537813869 4401
1537970956 4401
1537971087 4404
1537981250 4404
1537993349 4410
1538001394 4417
1538034302 4417
1538120455 4413
1538151675 4412
1538217845 4413
1538518645 4414
1538559898 4415
1538941932 4515
1539074714 4515
1539091675 4496
1539121966 4496
1539132342 4496
1539165484 4624
1539165603 4624
1539177300 4625
1539188754 4627
1539196813 4627
1539197733 4636
1539270901 4636
1539271471 4636
1539329161 4636
1539339098 4636
1539350663 4635
1539351470 4621
1539352762 4619
1539680800 4620
1539688654 4650
1539692386 4659
1539695234 4659
1539725987 4659
1539882889 4659
1540135979 4660
1540250463 4660
1540257309 4662
1540725947 4662
1540736775 4662
1540845433 4662
1540893082 4664
1540939886 4666
1540940371 4664
1540940449 4666
1540940483 4930
1540940753 4930
1540971602 4930
1541060183 4932
1541060197 4932
1541060377 4981
1541060868 4981
1541060888 4981
1541065678 4694
1541076460 4695
1541148773 4690
1541149817 4227
1541150730 4238
1541150791 4236
1541156249 4237
1541347544 4239
1541354480 4237
1541371842 4236
1541401383 4308
1541403838 4308
1541405538 4308
1541405726 4308
1541426867 4306
1541511846 4306
1541520491 4306
1541534512 4306
1541536701 4305
1541537498 4347
1541576539 4349
1541665544 4349
1541666301 4352
1541667182 4349
1541668379 4347
1541668921 4346
1541680251 4349
1541686375 4349
1541687136 4346
1541702703 4349
1541938332 4346
1541961177 4349
1542014225 4352
1542128359 4350
1542128662 4349
1542224478 4352
1542282772 4348
1542293674 4348
1542332625 4345
1542362510 4342
1542381559 4345
1542383087 4342
1542463146 4345
1542658202 4342
1542667486 4352
1542861877 4367
1542879565 4409
1542892281 4409
1542898486 4409
1543023546 4409
1543313345 4458
1543389901 4458
1543396225 4455
1543845477 4642
1543848536 4648
1543849370 4648
1544116697 4648
1544195408 4648
1544486412 4648
1545076174 4643
1545123518 4644
1547112472 4644
1547112919 4644
1547641961 4663
1547647429 4663
1548233804 4664
1548233825 4664
1548860117 4718
1548860332 4718
1549027306 4718
1549027537 4722
1549036219 4713
1549877928 4717
1549878454 4725
1549880626 4729
1550164319 4800
1550493574 4800
1550650638 4875
1550651312 4897
