1519390182 776
1519390433 1173
1519392342 1222
1519392969 1222
1519405704 1279
1519414606 1306
1519499829 1309
1519500005 1317
1519500492 1328
1519500929 1347
1519545284 1359
1519635192 1884
1519644169 1905
1519731209 2145
1519837418 2145
1519976635 2535
1519976834 2548
1519984755 2587
1520085592 2590
1520176695 2865
1520251876 2880
1520255204 2880
1520255783 2880
1520494901 2880
1520499205 3397
1520499454 3400
1520500993 3467
1520955721 3468
1521043652 3468
1521127194 3468
1521127444 3468
1521129759 3469
1521130068 3469
1521130499 3473
1521196507 3473
1521709920 3473
1521712040 3480
1521712985 3480
1521713469 3480
1522011217 3479
1522011293 3481
1522053685 3442
1522053698 3443
1522061427 3566
1522061446 3566
1522353227 3443
1523366299 3565
1523366918 3587
1524216050 3636
1524922635 3642
1531407966 3683
1531407993 3663
1531411355 3664
1531891146 3633
1532700048 3633
