1542738845 778
1542739087 2304
1542790083 2444
1542873627 2381
1542881690 2406
1543222598 2413
1543226568 2413
1543257452 2413
1543587816 2507
1543912722 2509
1543913409 2539
1543914543 2539
1543914857 2540
1543914878 2541
1543915044 2541
1543915240 2542
1543915346 2539
1543915963 2539
1543920063 2540
1543921563 2541
1547728619 2544
1547743308 2547
1549033737 2559
1549033749 2568
1549034050 2566
1550132136 2565
1550240879 2533
1550240912 2677
1550328677 2233
1550328738 2276
1550562427 2277
1550569394 2277
1550569409 2277
1550569422 2277
1550575607 2361
1550578173 2426
1550584435 2663
1550584988 2663
1550585801 2663
1550585819 2660
1550585903 2660
1550586653 2665
1550589065 2665
