1519898089 339
1519898586 437
1519918467 445
1520262694 444
1521055867 493
1521056316 492
1521464270 672
1521465215 677
1521465501 681
1521485613 681
1521808890 691
1521808910 704
1522053768 746
1522061985 761
1522065505 761
1522319691 761
1522836095 774
1523822806 778
1524595877 779
1524596679 785
1524600624 1156
1526529925 1148
1526530225 1343
1526550802 1346
1526552981 1346
1530514529 1335
1530535241 1335
1530885410 1351
1530906266 1759
1531239827 974
1531245840 1759
1531857496 1759
1531859615 1759
1531865721 1759
1532358092 1759
1533127125 1759
1533409189 1759
1533915382 1760
1536159334 1761
1536937047 1761
1537123262 1763
1537385427 1766
1538136721 1767
1539885778 1750
1541175867 1750
1541701413 1777
1541771365 1777
1542972472 1778
1542991378 1785
1544464424 1785
1546609457 1785
