1542131488 0 1
1542133550 1 1
1542136415 2 1
1542136915 3 1
1542137285 4 1
1542137296 5 1
1542137540 6 1
1542142780 7 1
1542143001 8 1
1542146348 9 1
1542146358 10 1
1542147314 11 1
1542180698 12 1
1542181085 13 1
1542181375 14 1
1542181671 15 1
1542183402 16 1
1542184689 17 1
1542185455 18 1
1545222273 19 1
1545222310 19 2
1545228238 20 2
1545228514 20 3
1545228775 21 3
1545232922 22 3
1545237308 23 3
1545237837 24 3
1545237848 25 3
1545238177 26 3
1545239924 26 4
1546508340 27 4
1546520781 28 4
1546520970 29 4
1546521044 29 5
1546521484 30 5
1546521552 31 5
1546521580 31 6
1546526581 32 6
1546537054 32 7
1546537112 32 8
1546546079 33 8
1546546133 33 9
1546550554 34 9
1546592003 35 9
1546593408 35 10
1546593498 36 10
1546593576 37 10
1546593632 37 11
1546593646 37 12
1546604517 38 12
1546605042 39 12
1546605880 39 13
1546605900 39 14
1546852377 40 14
1546858341 41 14
1546858372 41 15
1546858829 41 16
1546858862 42 16
1547025193 42 17
1549035554 43 17
1549035684 43 18
1549050832 44 18
1550243964 45 18
1550244078 45 19
1550244460 46 19
1550245144 47 19
