1542131488 0 675
1542133550 636 675
1542136415 638 675
1542136915 640 675
1542137285 643 675
1542137296 644 675
1542137540 645 675
1542142780 656 675
1542143001 738 675
1542146348 739 675
1542146358 739 675
1542147314 981 675
1542180698 1103 675
1542181085 1104 675
1542181375 1106 675
1542181671 1108 675
1542183402 1114 675
1542184689 1117 675
1542185455 1118 675
1545222273 1119 675
1545222310 1119 675
1545228238 1510 675
1545228514 1510 675
1545228775 1520 675
1545232922 1528 675
1545237308 1730 675
1545237837 1731 675
1545237848 1732 675
1545238177 1733 675
1545239924 1733 675
1546508340 2287 675
1546520781 2378 675
1546520970 2510 675
1546521044 2510 675
1546521484 2512 675
1546521552 3076 675
1546521580 3076 675
1546526581 3341 675
1546537054 3341 678
1546537112 3341 678
1546546079 3404 678
1546546133 3404 678
1546550554 3405 678
1546592003 3410 678
1546593408 3410 678
1546593498 3433 678
1546593576 3435 678
1546593632 3435 678
1546593646 3435 678
1546604517 3448 678
1546605042 3450 678
1546605880 3450 678
1546605900 3450 678
1546852377 3699 678
1546858341 3706 678
1546858372 3706 678
1546858829 3706 678
1546858862 3722 678
1547025193 3722 678
1549035554 3734 678
1549035684 3734 678
1549050832 4408 678
1550243964 4716 678
1550244078 4716 678
1550244460 4717 678
1550245144 4721 678
