1542131488 675
1542133550 637
1542136415 637
1542136915 636
1542137285 636
1542137296 636
1542137540 636
1542142780 636
1542143001 631
1542146348 626
1542146358 621
1542147314 859
1542180698 966
1542181085 966
1542181375 966
1542181671 966
1542183402 972
1542184689 975
1542185455 975
1545222310 975
1545228514 1221
1545228775 1229
1545232922 1191
1545239924 1372
1546521044 1960
1546521580 1945
1546537112 1948
1546546133 2239
1546550554 2240
1546593408 2244
1546593632 2267
1546593646 2267
1546605880 2280
1546605900 2282
1546858372 2289
1546858829 2440
1547025193 2455
1549035684 2454
1549050832 3107
1550244078 3414
1550244460 3415
1550245144 3415
