1546884026 0 676 0
1547047775 735 676 0
1547121383 735 676 0
1547122863 737 676 0
1547122909 737 676 0
1547484767 802 676 0
1547485635 802 676 0
1547720279 812 676 0
1547729541 812 676 0
1547736912 825 676 0
1547799025 826 676 0
1547799124 826 676 0
1547799960 826 676 49
1547799990 826 676 142
1547804791 826 676 162
1547805145 826 676 162
1547812804 828 676 162
1547812875 830 676 162
1547812896 830 676 162
1547812908 830 676 162
1549263207 830 676 162
1549263222 830 676 162
1550049147 878 676 162
1550049815 899 676 162
1550060899 910 676 162
1550062620 910 676 162
1550164927 1055 676 162
