1517833045 2
1517923155 911
1517924538 934
1517925571 1416
1518008892 1415
1518008908 1423
1518008925 1494
1518008937 1514
1518010486 1543
1518095683 1543
1518095718 1541
1518095791 1537
1518096049 1536
1518179089 1606
1518179932 1610
1518179947 1610
1518181715 1159
1518194777 1160
1518194826 1206
1518196365 1214
1518196790 1214
1518197756 1216
1518414201 1216
1518414507 1217
1518415124 1221
1518423103 1193
1518424792 1231
1518425297 1233
1518425460 1232
1518429027 1232
1518503548 1253
1518503598 1254
1518503620 1256
1518503638 1259
1518514377 1259
1518514394 1260
1518523805 1258
1518528187 1258
1519219977 1258
1519287536 1259
1519719742 1244
1519719858 1228
1519734880 1128
1519735135 1127
1519907920 1141
1519908134 1142
1519918424 1150
1519976352 1151
1520005389 1156
1520005434 1156
1520262915 1146
1521550820 1146
1521805518 1195
1521805893 1202
1521805968 1210
1521806721 1209
1522062084 1208
1522063688 1208
1522155119 1174
1522155746 1206
1522157730 1207
1522319186 1207
1523858206 1207
1523858547 1207
1523879769 1207
1524473715 1213
1524595515 1196
1524599110 2013
1524745216 2018
1524819914 2022
1524825618 2032
1524825908 2023
1524832515 2198
1526482223 2198
1526482516 2393
1527064220 2413
1527178413 2412
1527179680 2412
1527180920 2413
1527185713 2414
1527189311 2415
1529439624 2416
1529531711 2423
1530099639 2423
1530457221 2426
1530514518 2426
1530605723 2428
1530705324 2428
1530885535 2433
1531239823 2057
1531247482 2077
1531249224 2872
1531294812 2872
1531302801 2872
1531311294 2872
1532026246 2930
1532070579 2918
1532494370 2923
1532501971 2937
1532935898 2937
1532949529 2936
1532976147 2936
1533100337 2999
1533128626 2980
1533283714 2980
1535483915 2980
1535544132 2980
1535568830 2980
1535585452 2980
1535820239 2980
1535977281 2981
1535989461 2981
1536160833 2981
1536301627 2981
1537181312 2981
1537811745 2975
1537912464 2977
1537996745 2988
1538147694 2982
1538217689 2985
1538257654 2987
1538257677 3002
1539076182 2986
1539076408 2986
1539077255 3000
1539091183 3000
1539121695 3000
1539129096 3000
1539195919 3000
1539270636 3000
1539601969 2961
1539693410 2961
1539787289 2961
1540135493 2961
1540312275 2961
1540329474 2961
1540733914 2961
1540835876 2961
1540888169 2961
1540934827 2961
1540947112 2961
1541000072 2961
1541368057 2961
1542035810 2988
1542094152 2988
1542330185 2988
1542385962 2988
1542462638 2995
1542657734 2995
1542669532 2995
1542884472 2995
1542972611 2991
1543236619 3012
1543236923 3019
1543239541 3020
1543239555 3020
1543251140 3024
1543251378 3034
1543251637 3033
1543252985 3034
1543253619 3034
1543258380 3034
1543385089 3034
1543394631 3034
1543497791 3046
1543503170 3127
1543825609 3132
1543829846 3132
1544539916 3207
1544539929 3209
1544571025 3209
1544571051 3211
1544865825 3214
1544866344 3214
1544870285 3216
1545181495 3216
1546298283 3215
1546630414 3214
1547477466 3218
1547478416 3219
1547559788 3221
1548182174 3221
1548250179 3221
