1519715589 339
1519718490 454
1519918619 462
1520103214 462
1521802919 511
1522061749 526
1522061795 526
1522156542 527
1522606661 529
1522843141 540
1522843173 540
1522843648 549
1522843678 549
1523822664 553
1524664656 553
1524664693 553
1524668511 558
1524668549 558
1524751777 558
1524751802 893
1524751825 893
1526529673 901
1526529915 893
1526530215 1126
1526550909 1129
1526553522 1129
1527061661 1172
1527063284 1172
1527147957 1172
1527168845 1458
1527178206 1458
1527178810 1458
1527179099 1172
1528835714 1172
1528838718 1172
1528839011 1182
1528993211 1189
1529417711 1188
1529528379 1208
1529528415 1208
1529941402 1420
1529953799 1420
1530004596 1423
1530005207 1444
1530187091 1445
1530189926 1445
1530191352 1454
1530532481 1465
1530879099 1468
1530880222 1467
1531150350 1474
1531150645 1480
1531239874 1077
1531251133 1078
1531251444 1084
1531258640 1490
1532075669 1519
1532706303 1523
1532706316 1523
1532721316 1530
1532933556 1529
1532933794 1529
1532935034 1527
1532994396 1527
1533109006 1535
1533234870 1534
1533560866 1534
1535363272 1490
1535363826 1490
1535365128 1529
1535472486 1528
1535475582 1483
1535477323 1483
1535477379 1483
1535539179 1486
1535540998 1486
1535551955 1491
1535553387 1491
1535582634 1491
1535967655 1490
1535970807 1493
1535975118 1969
1535982695 1969
1535983816 1972
1536020699 1972
1536044870 2009
1536065407 2009
1536066614 2016
1536066989 2021
1536067687 2028
1536149855 2028
1536151059 2037
1536241805 2037
1536302023 2037
1536851229 2080
1537177746 2085
1537453711 2119
1537477554 2119
1537555692 2119
1537645682 2119
1537806723 2124
1537813655 2126
1537993668 1658
1537994181 1667
1537994656 2151
1538046693 2151
1538072955 2154
1538074474 2159
1538142151 2278
1538145407 2398
1538165268 2438
1538213571 2442
1538393847 2442
1538507158 2442
1538516747 2442
1538584338 2442
1538654754 2449
1538675143 2448
1538943209 2477
1538943220 2500
1538943228 2503
1539077617 2489
1539084631 2501
1539101577 2501
1539103646 2501
1539119272 2505
1539119387 2505
1539124391 2508
1539151296 2514
1539186698 2515
1539188677 2519
1539194246 2524
1539264713 2524
1539267849 2527
1539287219 2527
1539688316 2530
1539723511 2530
1539810148 2530
1539881680 2530
1539944297 2530
1539948475 2549
1539982178 2549
1540134452 2559
1540259713 2561
1540290060 2561
1540301877 2561
1540369659 2561
1540504156 2581
1540659054 2581
1540729683 2582
1540732805 2591
1540825789 2585
1540828191 2588
1540848320 2588
1540891098 2588
1540911730 2589
1540926584 2593
1540929125 2599
1540930648 2600
1540935593 2601
1540939129 2605
1540996239 2611
1541345872 2611
1541365137 2617
1541367064 2622
1541414834 2622
1541704485 2622
1541820641 2622
1541959388 2622
1542218500 2620
1542318339 2620
1542323542 2624
1542324382 2633
1542364169 2643
1542366723 2649
1542370044 2653
1542396706 2653
1542458478 2679
1542461119 2683
1542652164 2686
1542655138 2691
1542714124 2717
1542753858 2720
1542861791 2723
1542862728 2722
1542901636 2725
1543025038 2725
1543170247 2725
1543228906 2726
1543312990 2726
1543329267 2727
1543390488 2730
1543404624 2730
1543832408 2733
1543843037 2733
1543919184 2733
1543925580 2733
1543926003 2734
1543928873 2734
1544013950 2738
1544022842 2738
1544462809 2738
1544571694 2748
1544785727 2748
1545234308 2746
1545247483 2746
1545393027 2746
1546853616 2754
1546853633 2756
1547025868 2909
1547112189 3020
1547114139 3023
1547116104 3023
1547116988 3023
1547192008 3184
1547480110 3475
1547485385 3712
1547555463 3739
1547558547 3819
1547629856 3824
1547644600 3824
1547645042 3824
1547648306 3824
1547651055 3828
1547651076 3855
1547721223 3860
1547729334 3865
1547798403 3886
1547800425 3884
1547801058 3884
1547809447 3899
1547820109 3945
1548142153 3945
1548176051 3971
1548176067 3975
1548176091 3993
1548176115 3993
1548176484 3967
1548179859 4007
1548935321 4013
1549882663 4017
1549882670 4015
1549882678 4015
1549882685 4015
1549883058 4236
1549886531 4237
1549887762 4256
1549889632 4270
1549890412 4278
1550048048 4279
1550072094 4279
1550072110 4302
1550072136 4297
1550073203 4297
1550123415 4319
1550125934 4321
1550128212 4324
1550166156 4324
1550498299 4335
1550652806 4347
