1519715589 0 0 339 0 0 0 0 0 0 0 0 0 0
1519718490 115 0 339 0 0 0 0 0 0 0 0 0 0
1519918105 115 0 339 0 0 0 0 0 0 0 0 8 0
1519918619 115 0 339 0 0 0 0 0 0 0 0 8 0
1520103214 116 0 339 0 0 0 0 0 0 0 0 8 0
1521802919 165 0 339 0 0 0 0 0 0 0 0 8 0
1522061749 181 0 339 0 0 0 0 0 0 0 0 8 0
1522061795 182 0 339 0 0 0 0 0 0 0 0 8 0
1522156542 186 0 339 0 0 0 0 0 0 0 0 8 0
1522606661 188 0 339 0 0 0 0 0 0 0 0 8 0
1522843141 199 0 339 0 0 0 0 0 0 0 0 8 0
1522843173 200 0 339 0 0 0 0 0 0 0 0 8 0
1522843648 209 0 339 0 0 0 0 0 0 0 0 8 0
1522843678 210 0 339 0 0 0 0 0 0 0 0 8 0
1523822664 214 0 339 0 0 0 0 0 0 0 0 8 0
1524664656 215 0 339 0 0 0 0 0 0 0 0 8 0
1524664693 216 0 339 0 0 0 0 0 0 0 0 8 0
1524668511 221 0 339 0 0 0 0 0 0 0 0 8 0
1524668549 222 0 339 0 0 0 0 0 0 0 0 8 0
1524751777 223 0 339 0 0 0 0 0 0 0 0 8 0
1524751802 840 0 339 0 0 0 0 0 0 0 0 8 0
1524751825 841 0 339 0 0 0 0 0 0 0 0 8 0
1526482231 1049 0 339 0 0 0 0 0 0 0 0 8 0
1526482403 1099 0 339 0 0 0 0 0 0 0 0 8 0
1526482679 1099 0 339 0 0 0 0 0 0 0 0 8 0
1526529673 1099 0 339 0 8 0 0 0 0 0 0 8 0
1526529915 1099 0 339 0 8 0 0 0 0 0 0 8 0
1526530215 1099 0 339 0 8 0 0 0 0 0 0 8 0
1526550851 1103 0 339 0 8 0 0 0 0 0 0 8 0
1526550909 1103 0 339 0 8 0 0 0 0 0 0 8 0
1526553522 1104 0 339 0 8 0 0 0 0 0 0 8 0
1526976183 1161 0 339 0 8 0 0 0 0 0 0 8 0
1527061661 1161 0 339 0 8 0 0 0 0 0 0 8 0
1527063284 1162 0 339 0 8 0 0 0 0 0 0 8 0
1527147957 1166 0 339 0 8 0 0 0 0 0 0 8 0
1527168845 1453 0 339 0 8 0 0 0 0 0 0 8 0
1527177904 1457 0 339 0 8 0 0 0 0 0 0 8 0
1527178206 1457 0 339 0 8 0 0 0 0 0 0 8 0
1527178772 1461 0 339 0 8 0 0 0 0 0 0 8 0
1527178810 1461 0 339 0 8 0 0 0 0 0 0 8 0
1527179099 1462 0 339 0 8 0 0 0 0 0 0 8 0
1528808534 1467 0 339 0 8 0 0 0 0 0 0 8 0
1528835714 1467 0 339 0 8 0 0 0 0 0 0 8 0
1528838506 1478 0 339 0 8 0 0 0 0 0 0 8 0
1528838718 1478 0 339 0 8 0 0 0 0 0 0 8 0
1528839011 1478 0 339 0 8 0 0 0 0 0 0 8 0
1528992056 1478 0 339 0 8 0 0 0 0 0 0 8 23
1528993211 1478 0 339 0 8 0 0 0 0 0 0 8 23
1529413255 1480 0 339 0 8 0 0 0 0 0 0 8 23
1529417711 1480 0 339 0 8 0 0 0 0 0 0 8 23
1529525644 1480 0 339 0 8 0 0 17 0 0 0 8 23
1529527078 1480 0 339 0 8 0 0 34 0 0 0 8 23
1529527611 1480 0 339 0 8 0 0 40 0 0 0 8 23
1529528415 1481 0 339 0 8 0 0 40 0 0 0 8 23
1529939773 1481 0 339 0 224 0 0 40 0 0 0 8 23
1529940318 1481 0 339 0 230 0 0 40 0 0 0 8 23
1529941402 1481 0 339 0 230 0 0 40 0 0 0 8 23
1529953799 1481 0 339 0 230 0 0 40 0 0 0 8 23
1530004596 1481 0 339 0 235 0 0 40 0 0 0 8 23
1530005207 1481 0 339 0 273 0 0 40 0 0 0 8 23
1530083715 1481 0 339 0 274 0 0 40 0 0 0 8 23
1530083980 1481 0 339 0 275 0 0 40 0 0 0 8 23
1530129596 1481 0 339 0 275 0 0 41 0 0 0 8 23
1530187091 1481 0 339 0 275 0 0 41 0 0 0 8 23
1530188871 1481 0 339 0 275 0 0 41 0 0 0 8 23
1530189926 1481 0 339 0 275 0 0 41 0 0 0 8 23
1530191352 1481 0 339 0 289 0 0 41 0 0 0 8 23
1530525270 1493 0 339 0 289 0 0 41 0 0 0 8 23
1530532097 1493 0 339 0 289 0 0 41 0 0 0 8 23
1530532481 1493 0 339 0 289 0 0 41 0 0 0 8 23
1530879099 1493 0 339 0 318 0 0 41 0 0 0 8 23
1530880064 1493 0 339 0 318 0 0 41 0 0 0 8 23
1530880222 1493 0 339 0 318 0 0 41 0 0 0 8 23
1531147141 1493 0 339 0 326 0 0 41 0 0 0 8 23
1531147741 1493 0 339 0 330 0 0 41 0 0 0 8 23
1531150350 1493 0 339 0 330 0 0 41 0 0 0 8 23
1531150645 1493 0 339 0 337 0 0 41 0 0 0 8 23
1531239758 1493 0 339 0 337 0 0 41 0 0 0 8 23
1531239874 1493 0 339 0 337 0 0 41 0 0 0 8 23
1531240117 1493 0 339 0 337 0 406 41 0 0 0 8 23
1531248109 1495 0 339 0 337 0 406 41 0 0 0 8 23
1531251133 1495 0 339 0 337 0 406 41 0 0 0 8 23
1531251444 1495 0 339 0 348 0 406 41 0 0 0 8 23
1531258640 1495 0 339 0 348 0 406 41 0 0 0 8 23
1532004931 1495 0 339 0 348 0 446 41 0 0 0 8 23
1532075669 1495 0 339 0 348 0 446 41 0 0 0 8 23
1532585341 1506 0 339 0 348 0 446 41 0 0 0 8 23
1532705047 1506 0 339 0 348 0 458 41 0 0 0 8 23
1532705094 1506 0 339 0 348 0 470 41 0 0 0 8 23
1532706303 1506 0 339 0 348 0 470 41 0 0 0 8 23
1532706316 1506 0 339 0 348 0 470 41 0 0 0 8 23
1532721316 1506 0 339 0 348 0 470 41 0 0 0 8 23
1532929831 1506 0 339 0 348 0 471 41 0 0 0 8 23
1532933556 1506 0 339 0 355 0 471 41 0 0 0 8 23
1532933574 1506 0 339 0 355 0 471 41 0 0 0 8 23
1532933794 1506 0 339 0 355 0 471 41 0 0 0 8 23
1532934540 1506 0 339 0 355 0 482 41 0 0 0 8 23
1532935034 1506 0 339 0 355 0 482 41 0 0 0 8 23
1532994156 1506 0 339 8 355 0 482 41 0 0 0 8 23
1532994396 1506 0 339 8 355 0 482 41 0 0 0 8 23
1533108452 1506 0 339 32 355 0 482 41 0 0 0 8 23
1533109006 1506 0 339 32 355 0 482 41 0 0 0 8 23
1533234395 1506 0 339 32 355 0 490 41 0 0 0 8 23
1533234870 1506 0 339 32 355 0 490 41 0 0 0 8 23
1533560439 1506 0 339 32 355 0 498 41 0 0 0 8 23
1533560866 1506 0 339 32 355 0 498 41 0 0 0 8 23
1535363690 1506 0 339 52 355 0 498 41 0 0 0 8 23
1535365128 1506 0 339 52 355 0 498 41 0 0 0 8 23
1535471659 1506 0 339 64 355 0 498 41 0 0 0 8 23
1535472486 2000 0 339 64 355 0 498 41 0 0 0 8 23
1535474639 2000 0 339 64 355 0 498 41 0 0 0 8 23
1535475049 2002 0 339 64 355 0 498 41 0 0 0 8 23
1535475582 2002 0 339 64 355 0 498 41 0 0 0 8 23
1535476453 2002 0 339 64 355 0 498 41 0 0 0 8 23
1535476458 2002 0 339 65 355 0 498 41 0 0 0 8 23
1535477323 2002 0 339 65 355 0 498 41 0 0 0 8 23
1535477379 2002 0 339 65 355 0 498 41 0 0 0 8 23
1535535389 2006 0 339 65 355 0 498 41 0 0 0 8 23
1535539179 2006 0 339 65 355 0 498 41 0 0 0 8 23
1535540533 2006 0 339 66 355 0 498 41 0 0 0 8 23
1535540998 2006 0 339 66 355 0 498 41 0 0 0 8 23
1535542019 2006 0 339 66 355 0 498 41 0 0 0 8 23
1535551497 2013 0 339 66 355 0 498 41 0 0 0 8 23
1535551955 2013 0 339 66 355 0 498 41 0 0 0 8 23
1535551983 2013 0 339 66 355 0 498 41 0 0 0 8 23
1535553387 2013 0 339 66 355 0 498 41 0 0 0 8 23
1535553389 2013 0 339 67 355 0 498 41 0 0 0 8 23
1535582634 2013 0 339 67 355 0 498 41 0 0 0 8 23
1535966396 2014 0 339 67 359 0 498 41 0 0 0 8 23
1535967415 2014 0 339 67 359 0 498 41 0 0 0 8 23
1535967655 2014 0 339 67 359 0 498 41 0 0 0 8 23
1535968125 2014 0 339 543 359 0 498 41 0 0 0 8 23
1535968131 2014 0 339 547 359 0 498 41 0 0 0 8 23
1535970807 2014 0 339 547 359 0 498 41 0 0 0 8 23
1535972930 2014 0 339 547 359 0 498 41 0 0 0 8 23
1535973738 2052 0 339 547 359 0 498 41 0 0 0 8 23
1535975118 2052 0 339 547 359 0 498 41 0 0 0 8 23
1535979473 2053 0 339 547 359 0 498 41 0 0 0 8 23
1535982695 2053 0 339 547 359 0 498 41 0 0 0 8 23
1535982787 2053 0 339 551 359 0 498 41 0 0 0 8 23
1535983816 2053 0 339 551 359 0 498 41 0 0 0 8 23
1535990475 2053 0 339 551 359 0 498 41 0 0 0 8 23
1536019383 2053 0 339 561 359 0 498 41 0 0 0 8 23
1536020699 2053 0 339 561 359 0 498 41 0 0 0 8 23
1536043762 2053 0 339 561 359 0 498 41 0 0 0 8 23
1536044870 2053 0 339 561 359 0 498 41 0 0 0 8 23
1536048317 2061 0 339 561 359 0 498 41 0 0 0 8 23
1536048659 2069 0 339 561 359 0 498 41 0 0 0 8 23
1536049122 2070 0 339 561 359 0 498 41 0 0 0 8 23
1536050195 2075 0 339 561 359 0 498 41 0 0 0 8 23
1536065407 2075 0 339 561 359 0 498 41 0 0 0 8 23
1536066338 2075 0 339 561 359 0 498 41 0 0 0 8 23
1536066614 2075 0 339 561 359 0 498 41 0 0 0 8 23
1536066661 2075 0 339 561 359 0 498 41 0 0 0 8 23
1536066989 2075 0 339 561 359 0 498 41 0 0 0 8 23
1536067020 2075 0 339 561 359 0 498 41 0 0 0 8 23
1536067687 2075 0 339 561 359 0 498 41 0 0 0 8 23
1536130164 2079 0 339 561 359 0 498 41 0 0 0 8 23
1536149855 2079 0 339 561 359 0 498 41 0 0 0 8 23
1536150444 2079 0 339 571 359 0 498 41 0 0 0 8 23
1536151059 2079 0 339 571 359 0 498 41 0 0 0 8 23
1536215827 2081 0 339 571 359 0 498 41 0 0 0 8 23
1536240854 2081 0 339 581 359 0 498 41 0 0 0 8 23
1536241805 2081 0 339 581 359 0 498 41 0 0 0 8 23
1536300591 2081 0 339 581 359 0 498 41 0 0 0 8 23
1536302023 2081 0 339 581 359 0 498 41 0 0 0 8 23
1536851229 2081 0 339 581 402 0 498 41 0 0 0 8 23
1537169946 2081 0 339 587 402 0 498 41 0 0 0 8 23
1537177746 2081 0 339 587 402 0 498 41 0 0 0 8 23
1537362788 2083 0 339 587 402 0 498 41 0 0 0 8 23
1537448339 2127 0 339 587 402 0 498 41 0 0 0 8 23
1537453711 2127 0 339 587 402 0 498 41 0 0 0 8 23
1537476642 2127 0 339 587 402 0 498 41 0 0 0 8 23
1537477554 2127 0 339 587 402 0 498 41 0 0 0 8 23
1537555421 2127 0 339 597 402 0 498 41 0 0 0 8 23
1537555692 2127 0 339 597 402 0 498 41 0 0 0 8 23
1537645164 2127 0 339 607 402 0 498 41 0 0 0 8 23
1537645682 2134 0 339 607 402 0 498 41 0 0 0 8 23
1537806723 2134 0 339 607 402 0 498 41 0 0 0 8 23
1537807256 2138 0 339 607 402 0 498 41 0 0 0 8 23
1537813655 2138 0 339 607 402 0 498 41 0 0 0 8 23
1537879317 2150 0 339 607 402 0 498 41 0 0 0 8 23
1537993668 2150 0 339 607 402 0 498 41 0 0 0 8 23
1537994066 2150 0 339 1091 402 0 498 41 0 0 0 8 23
1537994072 2150 0 339 1101 402 0 498 41 0 0 0 8 23
1537994181 2150 0 339 1101 402 0 498 41 0 0 0 8 23
1537994335 2150 0 339 1101 402 0 498 41 0 0 0 8 23
1537994656 2150 0 339 1101 402 0 498 41 0 0 0 8 23
1538046176 2150 0 339 1111 402 0 498 41 0 0 0 8 23
1538046693 2150 0 339 1111 402 0 498 41 0 0 0 8 23
1538072826 2150 0 339 1111 409 0 498 41 0 0 0 8 23
1538072955 2150 0 339 1111 409 0 498 41 0 0 0 8 23
1538073947 2150 0 339 1117 409 0 498 41 0 0 0 8 23
1538074474 2150 0 339 1117 409 0 498 41 0 0 0 8 23
1538141850 2150 0 339 1237 409 0 498 41 0 0 0 8 23
1538142151 2150 0 339 1237 409 0 498 41 0 0 0 8 23
1538145012 2150 0 339 1358 409 0 498 41 0 0 0 8 23
1538145407 2150 0 339 1358 409 0 498 41 0 0 0 8 23
1538164443 2150 0 339 1358 493 0 498 41 0 0 0 8 23
1538165010 2150 0 339 1358 494 0 498 41 0 0 0 8 23
1538165042 2150 0 339 1358 494 0 498 41 0 0 0 8 23
1538165268 2150 0 339 1358 494 0 498 41 0 0 0 8 23
1538213143 2150 0 339 1363 494 0 498 41 0 0 0 8 23
1538213571 2150 0 339 1363 494 0 498 41 0 0 0 8 23
1538393171 2150 0 339 1373 494 0 498 41 0 0 0 8 23
1538393847 2150 0 339 1373 494 0 498 41 0 0 0 8 23
1538506266 2150 0 339 1383 494 0 498 41 0 0 0 8 23
1538507158 2150 0 339 1383 494 0 498 41 0 0 0 8 23
1538516158 2150 0 339 1393 494 0 498 41 0 0 0 8 23
1538516747 2150 0 339 1393 494 0 498 41 0 0 0 8 23
1538584010 2150 0 339 1403 494 0 498 41 0 0 0 8 23
1538584338 2150 0 339 1403 494 0 498 41 0 0 0 8 23
1538652525 2224 0 339 1403 494 0 498 41 0 0 0 8 23
1538654754 2224 0 339 1403 494 0 498 41 0 0 0 8 23
1538674112 2239 0 339 1403 494 0 498 41 0 0 0 8 23
1538675143 2239 0 339 1403 494 0 498 41 0 0 0 8 23
1538676133 2248 0 339 1403 494 0 498 41 0 0 0 8 23
1538723880 2271 0 339 1403 494 0 498 41 0 0 0 8 23
1538759169 2300 0 339 1403 494 0 498 41 0 0 0 8 23
1538943209 2300 0 339 1403 494 0 498 41 0 0 0 8 23
1538943220 2300 0 339 1403 494 0 498 41 0 0 0 8 23
1538943228 2300 0 339 1403 494 0 498 41 0 0 0 8 23
1539077317 2300 0 339 1406 494 0 498 41 0 0 0 8 23
1539077617 2300 0 339 1406 494 0 498 41 0 0 0 8 23
1539083731 2300 0 339 1419 494 0 498 41 0 0 0 8 23
1539084631 2300 0 339 1419 494 0 498 41 0 0 0 8 23
1539100428 2308 0 339 1419 494 0 498 41 0 0 0 8 23
1539101523 2310 0 339 1419 494 0 498 41 0 0 0 8 23
1539101577 2310 0 339 1419 494 0 498 41 0 0 0 8 23
1539103307 2310 0 339 1422 494 0 498 41 0 0 0 8 23
1539103646 2310 0 339 1422 494 0 498 41 0 0 0 8 23
1539115174 2311 0 339 1422 494 0 498 41 0 0 0 8 23
1539117355 2311 0 339 1427 494 0 498 41 0 0 0 8 23
1539119272 2311 0 339 1427 494 0 498 41 0 0 0 8 23
1539119387 2311 0 339 1427 494 0 498 41 0 0 0 8 23
1539123262 2311 0 339 1431 494 0 498 41 0 0 0 8 23
1539124391 2311 0 339 1431 494 0 498 41 0 0 0 8 23
1539151296 2311 0 339 1431 494 0 498 41 0 0 0 8 23
1539186698 2312 0 339 1431 494 0 498 41 0 0 0 8 23
1539188088 2318 0 339 1431 494 0 498 41 0 0 0 8 23
1539188677 2318 0 339 1431 494 0 498 41 0 0 0 8 23
1539193991 2318 0 339 1437 494 0 498 41 0 0 0 8 23
1539194246 2318 0 339 1437 494 0 498 41 0 0 0 8 23
1539259590 2319 0 339 1437 494 0 498 41 0 0 0 8 23
1539264713 2319 0 339 1437 494 0 498 41 0 0 0 8 23
1539267478 2319 0 339 1441 494 0 498 41 0 0 0 8 23
1539267849 2319 0 339 1441 494 0 498 41 0 0 0 8 23
1539286982 2319 0 339 1444 494 0 498 41 0 0 0 8 23
1539287219 2319 0 339 1444 494 0 498 41 0 0 0 8 23
1539589359 2323 0 339 1444 494 0 498 41 0 0 0 8 23
1539688316 2323 0 339 1444 494 0 498 41 0 0 0 8 23
1539723085 2323 0 339 1459 494 0 498 41 0 0 0 8 23
1539723511 2323 0 339 1459 494 0 498 41 0 0 0 8 23
1539809583 2323 0 339 1462 494 0 498 41 0 0 0 8 23
1539810148 2323 0 339 1462 494 0 498 41 0 0 0 8 23
1539879911 2323 0 339 1474 494 0 498 41 0 0 0 8 23
1539881680 2323 0 339 1474 494 0 498 41 0 0 0 8 23
1539943918 2323 0 339 1477 494 0 498 41 0 0 0 8 23
1539944297 2323 0 339 1477 494 0 498 41 0 0 0 8 23
1539948099 2323 0 339 1477 513 0 498 41 0 0 0 8 23
1539948475 2323 0 339 1477 513 0 498 41 0 0 0 8 23
1539981728 2323 0 339 1480 513 0 498 41 0 0 0 8 23
1539982178 2323 0 339 1480 513 0 498 41 0 0 0 8 23
1540134253 2323 0 339 1491 513 0 498 41 0 0 0 8 23
1540134452 2323 0 339 1491 513 0 498 41 0 0 0 8 23
1540259448 2323 0 339 1496 513 0 498 41 0 0 0 8 23
1540259713 2323 0 339 1496 513 0 498 41 0 0 0 8 23
1540289664 2323 0 339 1499 513 0 498 41 0 0 0 8 23
1540290060 2323 0 339 1499 513 0 498 41 0 0 0 8 23
1540301877 2323 0 339 1499 514 0 498 41 0 0 0 8 23
1540369255 2323 0 339 1502 514 0 498 41 0 0 0 8 23
1540369659 2323 0 339 1502 514 0 498 41 0 0 0 8 23
1540420011 2323 0 339 1502 514 0 498 41 24 0 0 8 23
1540504156 2323 0 339 1502 514 0 498 41 24 0 0 8 23
1540658858 2323 0 339 1508 514 0 498 41 24 0 0 8 23
1540659054 2323 0 339 1508 514 0 498 41 24 0 0 8 23
1540729159 2323 0 339 1508 517 0 498 41 24 0 0 8 23
1540729202 2323 0 339 1508 517 0 498 41 24 0 0 8 23
1540729683 2323 0 339 1508 517 0 498 41 24 0 0 8 23
1540732628 2323 0 339 1518 517 0 498 41 24 0 0 8 23
1540732805 2323 0 339 1518 517 0 498 41 33 0 0 8 23
1540825460 2323 0 339 1518 517 0 498 41 33 0 0 8 23
1540825789 2323 0 339 1518 517 0 498 41 33 0 0 8 23
1540827641 2323 0 339 1522 517 0 498 41 33 0 0 8 23
1540828191 2323 0 339 1522 517 0 498 41 33 0 0 8 23
1540847954 2323 0 339 1528 517 0 498 41 33 0 0 8 23
1540848320 2323 0 339 1528 517 0 498 41 33 0 0 8 23
1540890661 2324 0 339 1528 517 0 498 41 33 0 0 8 23
1540890947 2324 0 339 1528 535 0 498 41 33 0 0 8 23
1540891098 2324 0 339 1528 535 0 498 41 33 0 0 8 23
1540903993 2332 0 339 1528 535 0 498 41 33 0 0 8 23
1540911730 2332 0 339 1528 535 0 498 41 33 0 0 8 23
1540913847 2332 0 339 1528 535 0 498 41 33 0 0 8 23
1540926014 2339 0 339 1528 535 0 498 41 33 0 0 8 23
1540926584 2339 0 339 1528 535 0 498 41 33 0 0 8 23
1540926611 2339 0 339 1528 535 0 498 41 33 0 0 8 23
1540928208 2339 0 339 1535 535 0 498 41 33 0 0 8 23
1540928890 2341 0 339 1535 535 0 498 41 33 0 0 8 23
1540929125 2341 0 339 1535 535 0 498 41 33 0 0 8 23
1540929184 2341 0 339 1535 535 0 498 41 33 0 0 8 23
1540929861 2341 0 339 1535 535 0 498 41 33 0 0 8 23
1540930648 2341 0 339 1535 535 0 498 41 33 0 0 8 23
1540932320 2341 0 339 1535 535 0 498 41 33 0 0 8 23
1540935419 2342 0 339 1535 535 0 498 41 33 0 0 8 23
1540935593 2342 0 339 1535 535 0 498 41 33 0 0 8 23
1540937671 2342 0 339 1540 535 0 498 41 33 0 0 8 23
1540939129 2342 0 339 1540 535 0 498 41 33 0 0 8 23
1540995288 2342 0 339 1540 535 0 498 41 33 0 0 8 23
1540996239 2342 0 339 1540 535 0 498 41 33 0 0 8 23
1541269679 2349 0 339 1540 535 0 498 41 33 0 0 8 23
1541319440 2349 0 339 1540 535 0 498 41 33 0 0 8 23
1541345682 2349 0 339 1549 535 0 498 41 33 0 0 8 23
1541345872 2349 0 339 1549 535 0 498 41 33 0 0 8 23
1541364925 2349 0 339 1549 535 0 498 41 33 0 0 8 23
1541365137 2349 0 339 1549 535 0 498 41 33 0 0 8 23
1541366894 2349 0 339 1555 535 0 498 41 33 0 0 8 23
1541367064 2349 0 339 1555 535 0 498 41 33 0 0 8 23
1541414517 2349 0 339 1558 535 0 498 41 33 0 0 8 23
1541414834 2349 0 339 1558 535 0 498 41 33 0 0 8 23
1541703781 2349 0 339 1564 535 0 498 41 33 0 0 8 23
1541704485 2349 0 339 1564 535 0 498 41 33 0 0 8 23
1541820329 2349 0 339 1567 535 0 498 41 33 0 0 8 23
1541820641 2349 0 339 1567 535 0 498 41 33 0 0 8 23
1541958868 2349 0 339 1570 535 0 498 41 33 0 0 8 23
1541959388 2349 0 339 1570 535 0 498 41 33 0 0 8 23
1542203253 2360 0 339 1570 535 0 498 41 33 0 0 8 23
1542217395 2360 0 339 1606 535 0 498 41 33 0 0 8 23
1542218500 2360 0 339 1606 535 0 498 41 33 0 0 8 23
1542317504 2360 0 339 1609 535 0 498 41 33 0 0 8 23
1542318339 2360 0 339 1609 535 0 498 41 33 0 0 8 23
1542321372 2373 0 339 1609 535 0 498 41 33 0 0 8 23
1542323260 2373 0 339 1609 535 0 498 41 33 0 0 8 23
1542323542 2373 0 339 1609 535 0 498 41 33 0 0 8 23
1542324021 2373 0 339 1619 535 0 498 41 33 0 0 8 23
1542324382 2373 0 339 1619 535 0 498 41 33 0 0 8 23
1542359062 2392 0 339 1619 535 0 498 41 33 0 0 8 23
1542360748 2392 0 339 1619 535 0 498 41 33 0 0 8 23
1542360784 2392 0 339 1619 535 0 498 41 33 0 0 8 23
1542364169 2392 0 339 1619 535 0 498 41 33 0 0 8 23
1542365933 2392 0 339 1619 535 0 498 41 33 0 0 8 23
1542366723 2392 0 339 1619 535 0 498 41 33 0 0 8 23
1542369233 2392 0 339 1624 535 0 498 41 33 0 0 8 23
1542370044 2392 0 339 1624 535 0 498 41 33 0 0 8 23
1542395532 2392 0 339 1627 535 0 498 41 33 0 0 8 23
1542396706 2392 0 339 1627 535 0 498 41 33 0 0 8 23
1542456224 2418 0 339 1627 535 0 498 41 33 0 0 8 23
1542458478 2418 0 339 1627 535 0 498 41 33 0 0 8 23
1542460776 2418 0 339 1632 535 0 498 41 33 0 0 8 23
1542461119 2418 0 339 1632 535 0 498 41 33 0 0 8 23
1542651106 2421 0 339 1632 535 0 498 41 33 0 0 8 23
1542651478 2424 0 339 1632 535 0 498 41 33 0 0 8 23
1542651928 2427 0 339 1632 535 0 498 41 33 0 0 8 23
1542652164 2427 0 339 1632 535 0 498 41 33 0 0 8 23
1542654516 2427 0 339 1638 535 0 498 41 33 0 0 8 23
1542655138 2427 0 339 1638 535 0 498 41 33 0 0 8 23
1542713427 2454 0 339 1638 535 0 498 41 33 0 0 8 23
1542714124 2454 0 339 1638 535 0 498 41 33 0 0 8 23
1542753193 2454 0 339 1642 535 0 498 41 33 0 0 8 23
1542753858 2454 0 339 1642 535 0 498 41 33 0 0 8 23
1542821692 2458 0 339 1642 535 0 498 41 33 0 0 8 23
1542861791 2458 0 339 1642 535 0 498 41 33 0 0 8 23
1542862678 2460 0 339 1646 535 0 498 41 33 0 0 8 23
1542862728 2460 0 339 1646 535 0 498 41 33 0 0 8 23
1542900359 2464 0 339 1646 535 0 498 41 33 0 0 8 23
1542901636 2464 0 339 1646 535 0 498 41 33 0 0 8 23
1542925405 2466 0 339 1646 535 0 498 41 33 0 0 8 23
1542971658 2466 0 339 1646 535 0 498 41 33 0 0 8 23
1543024757 2466 0 339 1649 535 0 498 41 33 0 0 8 23
1543025038 2466 0 339 1649 535 0 498 41 33 0 0 8 23
1543067642 2466 0 339 1649 535 0 498 41 33 0 0 8 23
1543170073 2466 0 339 1658 535 0 498 41 33 0 0 8 23
1543170247 2466 0 339 1658 535 0 498 41 33 0 0 8 23
1543227735 2468 0 339 1658 535 0 498 41 33 0 0 8 23
1543227847 2468 0 339 1658 535 0 498 41 33 0 0 8 23
1543227860 2468 0 339 1658 535 0 498 41 33 0 0 8 23
1543228906 2468 0 339 1658 535 0 498 41 33 0 0 8 23
1543312315 2468 0 339 1661 535 0 498 41 33 0 0 8 23
1543312990 2468 0 339 1661 535 0 498 41 33 0 0 8 23
1543328416 2468 0 339 1661 535 0 498 41 33 0 0 8 23
1543329267 2468 0 339 1661 535 0 498 41 33 0 0 8 23
1543390290 2468 0 339 1661 535 0 498 41 33 0 0 8 23
1543390488 2468 0 339 1661 535 0 498 41 33 0 0 8 23
1543404441 2468 0 339 1664 535 0 498 41 33 0 0 8 23
1543404624 2468 0 339 1664 535 0 498 41 33 0 0 8 23
1543831906 2468 0 339 1668 535 0 498 41 33 0 0 8 23
1543832408 2468 0 339 1668 535 0 498 41 33 0 0 8 23
1543841854 2468 0 339 1677 535 0 498 41 33 0 0 8 23
1543843037 2468 0 339 1677 535 0 498 41 33 0 0 8 23
1543865483 2471 0 339 1677 535 0 498 41 33 0 0 8 23
1543918116 2471 0 339 1680 535 0 498 41 33 0 0 8 23
1543919184 2471 0 339 1680 535 0 498 41 33 0 0 8 23
1543925226 2475 0 339 1680 535 0 498 41 33 0 0 8 23
1543925580 2475 0 339 1680 535 0 498 41 33 0 0 8 23
1543925979 2475 0 339 1680 535 0 498 41 33 0 0 8 23
1543925990 2475 0 339 1680 535 0 498 41 33 0 0 8 23
1543926003 2475 0 339 1680 535 0 498 41 33 0 0 8 23
1543928842 2476 0 339 1680 535 0 498 41 33 0 0 8 23
1543928873 2476 0 339 1680 535 0 498 41 33 0 0 8 23
1544013537 2481 0 339 1680 535 0 498 41 33 0 0 8 23
1544013950 2481 0 339 1680 535 0 498 41 33 0 0 8 23
1544022264 2481 0 339 1683 535 0 498 41 33 0 0 8 23
1544022842 2481 0 339 1683 535 0 498 41 33 0 0 8 23
1544461745 2481 0 339 1698 535 0 498 41 33 0 0 8 23
1544462809 2481 0 339 1698 535 0 498 41 33 0 0 8 23
1544571246 2481 0 339 1709 535 0 498 41 33 0 0 8 23
1544571694 2481 0 339 1709 535 0 498 41 33 0 0 8 23
1544785420 2481 0 339 1712 535 0 498 41 33 0 0 8 23
1544785727 2481 0 339 1712 535 0 498 41 33 0 0 8 23
1545233584 2481 0 339 1740 535 0 498 41 33 0 0 8 23
1545234308 2481 0 339 1740 535 0 498 41 33 0 0 8 23
1545246953 2481 0 339 1743 535 0 498 41 33 0 0 8 23
1545247483 2481 0 339 1743 535 0 498 41 33 0 0 8 23
1545392627 2481 0 339 1746 535 0 498 41 33 0 0 8 23
1545393027 2481 0 339 1746 535 0 498 41 33 0 0 8 23
1546429421 2498 0 339 1746 535 0 498 41 33 0 0 8 23
1546853534 2500 0 339 1746 535 0 498 41 33 0 0 8 23
1546853616 2500 0 339 1746 535 0 498 41 33 0 0 8 23
1546853633 2500 0 339 1746 535 0 498 41 33 0 0 8 23
1547025755 2509 0 339 1746 535 0 498 41 33 0 0 8 23
1547025789 2925 0 339 1746 535 0 498 41 33 0 0 8 23
1547025868 2925 0 339 1746 535 0 498 41 33 0 0 8 23
1547112075 3036 0 339 1746 535 0 498 41 33 0 0 8 23
1547112189 3036 0 339 1746 535 0 498 41 33 0 0 8 23
1547114096 3039 0 339 1746 535 0 498 41 33 0 0 8 23
1547114139 3039 0 339 1746 535 0 498 41 33 0 0 8 23
1547115942 3040 0 339 1746 535 0 498 41 33 0 0 8 23
1547116104 3040 0 339 1746 535 0 498 41 33 0 0 8 23
1547116944 3041 0 339 1746 535 0 498 41 33 0 0 8 23
1547116988 3041 0 339 1746 535 0 498 41 33 0 0 8 23
1547191285 3192 0 339 1746 535 0 498 41 33 0 0 8 23
1547191510 3208 0 339 1746 535 0 498 41 33 0 0 8 23
1547191788 3256 0 339 1746 535 0 498 41 33 0 0 8 23
1547192008 3256 0 339 1746 535 0 498 41 33 0 0 8 23
1547462984 3583 0 339 1746 535 0 498 41 33 0 0 8 23
1547480110 3583 0 339 1746 535 0 498 41 33 0 0 8 23
1547480132 3973 0 339 1746 535 0 498 41 33 0 0 8 23
1547483121 4093 0 339 1746 535 0 498 41 33 0 0 8 23
1547485385 4093 0 339 1746 535 0 498 41 33 0 0 8 23
1547555330 4120 0 339 1746 535 0 498 41 33 0 0 8 23
1547555463 4120 0 339 1746 535 0 498 41 33 0 0 8 23
1547558547 4120 0 339 1746 535 0 498 41 33 0 0 8 23
1547629795 4128 0 339 1746 535 0 498 41 33 0 0 8 23
1547629856 4128 0 339 1746 535 0 498 41 33 0 0 8 23
1547644554 4129 0 339 1746 535 0 498 41 33 0 0 8 23
1547644600 4129 0 339 1746 535 0 498 41 33 0 0 8 23
1547645042 4130 0 339 1746 535 0 498 41 33 0 0 8 23
1547645680 4135 0 339 1746 535 0 498 41 33 0 0 8 23
1547646288 4138 0 339 1746 535 0 498 41 33 0 0 8 23
1547646823 4143 0 339 1746 535 0 498 41 33 0 0 8 23
1547648259 4149 0 339 1746 535 0 498 41 33 0 0 8 23
1547648306 4149 0 339 1746 535 0 498 41 33 0 0 8 23
1547650647 4181 0 339 1746 535 0 498 41 33 0 0 8 23
1547651055 4181 0 339 1746 535 0 498 41 33 0 0 8 23
1547651076 4181 0 339 1746 535 0 498 41 33 0 0 8 23
1547721167 4190 0 339 1746 535 0 498 41 33 0 0 8 23
1547721223 4190 0 339 1746 535 0 498 41 33 0 0 8 23
1547728996 4196 0 339 1746 535 0 498 41 33 0 0 8 23
1547729334 4196 0 339 1746 535 0 498 41 33 0 0 8 23
1547798198 4230 0 339 1746 535 0 498 41 33 0 0 8 23
1547798403 4230 0 339 1746 535 0 498 41 33 0 0 8 23
1547800243 4233 0 339 1746 535 0 498 41 33 0 0 8 23
1547800425 4233 0 339 1746 535 0 498 41 33 0 0 8 23
1547800912 4250 0 339 1746 535 0 498 41 33 0 0 8 23
1547801058 4252 0 339 1746 535 0 498 41 33 0 0 8 23
1547809447 4322 0 339 1746 535 0 498 41 33 0 0 8 23
1547820109 4322 0 339 1746 535 0 498 41 33 0 0 8 23
1547840907 4340 0 339 1746 535 0 498 41 33 0 0 8 23
1548063922 4341 0 339 1746 535 0 498 41 33 0 0 8 23
1548096977 4346 0 339 1746 535 0 498 41 33 0 0 8 23
1548137458 4346 0 339 1803 535 0 498 41 33 0 0 8 23
1548142153 4346 0 339 1803 535 0 498 41 33 0 0 8 23
1548175386 4372 0 339 1803 535 0 498 41 33 0 0 8 23
1548176051 4372 0 339 1803 535 0 498 41 33 0 0 8 23
1548176067 4372 0 339 1803 535 0 498 41 33 0 0 8 23
1548176091 4372 0 339 1803 535 0 498 41 33 0 0 8 23
1548176115 4372 0 339 1803 535 0 498 41 33 0 0 8 23
1548176468 4372 0 339 1803 535 0 498 41 33 0 0 8 23
1548176484 4372 0 339 1803 535 0 498 41 33 0 0 8 23
1548179137 4372 0 339 1844 535 0 498 41 33 0 0 8 23
1548179859 4372 0 339 1844 535 0 498 41 33 0 0 8 23
1548935272 4378 0 339 1844 535 0 498 41 33 0 0 8 23
1548935321 4378 0 339 1844 535 0 498 41 33 0 0 8 23
1549876946 4691 0 339 1844 535 0 498 41 33 0 0 8 23
1549877699 4691 0 339 1930 535 0 498 41 33 0 0 8 23
1549877867 4691 0 339 2016 535 0 498 41 33 0 0 8 23
1549878052 4691 0 339 2102 535 0 498 41 33 0 0 8 23
1549881041 4699 0 339 2102 535 0 498 41 33 0 0 8 23
1549882639 4699 0 339 2102 535 0 498 41 33 0 0 8 23
1549882663 4699 0 339 2102 535 0 498 41 33 0 0 8 23
1549882670 4699 0 339 2102 535 0 498 41 33 0 0 8 23
1549882678 4699 0 339 2102 535 0 498 41 33 0 0 8 23
1549882685 4699 0 339 2102 535 0 498 41 33 0 0 8 23
1549883024 4699 0 339 2102 535 0 498 41 33 0 0 8 23
1549883058 4699 0 339 2102 535 0 498 41 33 0 0 8 23
1549886288 4700 0 339 2102 535 0 498 41 33 0 0 8 23
1549886531 4700 0 339 2102 535 0 498 41 33 0 0 8 23
1549887707 4720 0 339 2102 535 0 498 41 33 0 0 8 23
1549887762 4720 0 339 2102 535 0 498 41 33 0 0 8 23
1549889594 4738 0 339 2102 535 0 498 41 33 0 0 8 23
1549889632 4738 0 339 2102 535 0 498 41 33 0 0 8 23
1549890321 4746 0 339 2102 535 0 498 41 33 0 0 8 23
1549890412 4746 0 339 2102 535 0 498 41 33 0 0 8 23
1550047987 4749 0 339 2102 535 0 498 41 33 0 0 8 23
1550048048 4749 0 339 2102 535 0 498 41 33 0 0 8 23
1550068880 4749 0 339 2162 535 0 498 41 33 0 0 8 23
1550071224 4777 0 339 2162 535 0 498 41 33 0 0 8 23
1550071803 4778 0 339 2162 535 0 498 41 33 0 0 8 23
1550072001 4779 0 339 2162 535 0 498 41 33 0 0 8 23
1550072094 4779 0 339 2162 535 0 498 41 33 0 0 8 23
1550072110 4779 0 339 2162 535 0 498 41 33 0 0 8 23
1550072136 4779 0 339 2162 535 0 498 41 33 0 0 8 23
1550072920 4781 0 339 2162 535 0 498 41 33 0 0 8 23
1550073083 4782 0 339 2162 535 0 498 41 33 0 0 8 23
1550073203 4782 0 339 2162 535 0 498 41 33 0 0 8 23
1550077850 4782 0 339 2185 535 0 498 41 33 0 0 8 23
1550123415 4782 0 339 2185 535 0 498 41 33 0 0 8 23
1550125934 4784 0 339 2185 535 0 498 41 33 0 0 8 23
1550126581 4784 0 339 2189 535 0 498 41 33 0 0 8 23
1550128212 4784 0 339 2189 535 0 498 41 33 0 0 8 23
1550159323 4784 0 339 2191 535 0 498 41 33 0 0 8 23
1550166156 4784 0 339 2191 535 0 498 41 33 0 0 8 23
1550495779 4784 0 339 2191 535 0 498 41 33 6 0 8 23
1550496554 4784 0 339 2191 535 0 498 41 33 12 0 8 23
1550498299 4784 0 339 2191 535 0 498 41 33 12 0 8 23
1550652806 4796 0 339 2191 535 0 498 41 33 12 0 8 23
