1519903952 339
1520252785 648
1520252860 511
1520282016 497
1520414764 500
1520416499 754
1520423962 2449
1520855703 2447
1520938242 2974
1521057717 3249
1521107362 3668
1521468042 4089
1521478462 37729
1521478842 37731
1521535613 37822
1521535804 37825
1521535823 37835
1521535934 37836
1521536069 37837
1522066093 38514
1522320959 38677
1522851964 38819
1522855319 39429
1522856700 40181
1522942484 39886
1523357521 41295
1523357571 42704
1523357772 40800
1523362793 40899
1523362897 40403
1523543729 41130
1523818461 45073
1524472417 45073
1524994844 45081
1524995113 45082
1524997819 45082
1525261212 45954
1527681207 46559
1527699392 46757
1527857126 46757
1528839323 46525
1528839672 46525
1529993436 46558
1531382082 57472
1542283761 57742
1542652937 57838
1548079699 58535
1549968078 89022
1550593491 89543
