1519279739 339
1519282280 454
1519285713 478
1519646126 488
1519648020 685
1519991409 685
1520243103 693
1520254325 693
1520254847 696
1521060153 732
1521060541 731
1521060909 734
1521061583 734
1522310197 735
1522310270 735
1523604527 800
1523607600 812
1523822509 816
1523876852 899
1524471020 900
1524471023 900
1524471615 907
1524478817 1019
1524490498 1019
1524491934 1019
1524495087 1009
1524495931 1009
1524496153 1009
1524550668 1014
1524559791 1010
1524598216 1362
1524681918 1363
1524744915 1374
1525416328 1416
1526529616 1434
1526552273 1405
1526552339 1412
1526552545 1594
1526552962 1594
1526558436 1598
1527061675 1608
1527065421 1629
1527179531 1629
1527180617 1630
1527181818 1631
1527186616 1631
1528800060 1662
1528823134 1663
1530389131 1663
1530447922 1675
1530514521 1670
1530516654 1691
1530779293 1699
1530881867 1702
1531157027 1693
1531157387 1683
1531239814 1165
1531241457 1682
1531294373 1685
1531302057 1684
1531310192 1685
1531856770 1685
1532426827 1699
1532496118 1699
1532499375 1699
1532500081 1699
1532713964 1700
1532935262 1698
1533127297 1702
1533637770 1703
1533741569 1704
1533746077 1703
1533749033 1703
1533753969 1703
1535477586 1704
1535487045 1706
1535545226 1710
1535570657 1709
1535587811 1708
1535966502 1708
1535975301 1709
1535993007 1707
1536158498 1723
1536673981 2879
1536737298 2898
1536842181 2898
1536922272 2898
1537127652 2898
1537181963 2890
1537911450 2898
1538000523 2905
1538150685 2904
1538216576 2906
1538258253 2901
1538581343 2898
1539075268 2874
1539089442 2874
1539095950 2874
1539124693 2874
1539131309 2874
1539244189 2874
1539273455 2874
1539328432 2874
1539337992 2874
1539351206 2874
1539614397 2864
1539789655 2874
1540138010 2874
1540253184 2874
1540310514 2876
1540724914 2876
1540737660 2876
1540829975 2876
1540933472 2876
1540944734 2876
1540974510 2876
1541007177 2876
1541370451 2876
1541587723 2903
1541604285 2903
1541679618 2903
1541685148 2903
1542015727 2910
1542025573 2910
1542034412 2910
1542291335 2910
1542329018 2910
1542363966 2911
1542379829 2911
1542465148 2918
1542662670 2918
1542720286 2930
1542720352 2918
1542862819 2900
1542886524 2900
1543387660 2900
1543393025 2900
1543497940 2900
1543850685 2906
1543867587 2987
1544449574 3165
1544473383 3166
1544540186 3179
1544543364 3179
1544579924 3179
1544588221 3179
1544617009 3179
1544617039 3179
1545075703 3180
1546595076 3180
1546595340 3180
1547479725 3179
1547485564 3182
1547485584 3181
1547632122 3182
1547734193 3182
1547734200 3194
1547841457 3232
1547841473 3235
1547841485 3256
1548187874 3256
1548934785 3360
1549035807 3359
1549891470 3398
1549894399 3399
1550049328 3399
1550072766 3408
1550133913 3414
1550142391 3413
1550492961 3535
