1516795923 201
1517174457 421
1517434441 421
1517435034 421
1517435345 421
1517436815 423
1517436839 423
1517436865 425
1517436879 426
1518076792 426
1519302605 426
1519305751 450
1519719193 450
1519736749 450
1522068217 439
1523690901 511
1523822373 515
1523876806 515
1524229224 515
1524229519 494
1524471910 500
1524483618 580
1524490211 580
1524495314 580
1524550503 585
1524553512 585
1524553521 588
1524597616 1078
1526529618 1279
1526550967 1282
1526552417 1271
1526553004 1272
1527061668 1282
1527065114 1302
1527179659 1302
1528731334 1302
1528802450 1309
1530177059 1310
1530178251 1307
1530389430 1308
1530534980 1308
1530620124 1299
1530779122 1305
1530885502 1311
1531239831 1013
1531242756 1311
1531381544 1311
1532494310 1324
1532496040 1323
1532499359 1323
1532500066 1323
1533121612 1323
1533238768 1341
1533238844 1335
1533238954 1324
1533708155 1324
1533711108 1329
1535473220 1329
1535486816 1329
1535566403 1329
1535589440 1329
1535659219 1335
1535983711 1335
1535986674 1335
1536156445 1335
1537179291 1335
1538000069 1342
1538149677 1342
1538216063 1342
1539088657 1333
1539124223 1333
1539127936 1333
1539243751 1333
1539272926 1333
1539885064 1333
1540137488 1333
1540490438 1333
1540665985 1333
1540737150 1333
1540829656 1333
1540938518 1333
1540950318 1333
1541370047 1333
1541704404 1333
1542184976 1470
1542331624 1470
1542396632 1470
1542464836 1470
1542661399 1470
1542885520 1470
1543392161 1470
1544469685 1470
1544540259 1522
1544586831 1522
1544798220 1523
1544802468 1527
1544802659 1527
1545960894 1527
1547631485 1527
1548164567 1529
1548186783 1529
