1519977585 339
1519977994 622
1519980171 788
1519980407 788
1519980858 806
1519980948 816
1519982115 820
1519984631 820
1519985028 828
1519985539 828
1520007207 828
1520251330 823
1520251388 823
1520262483 801
1521486168 801
1523822958 805
1524138313 904
1524595682 1274
1524597239 1274
1526529893 1280
1526530222 1272
1526530511 1459
1526551100 1462
1526552580 1464
1526552992 1464
1526553564 1464
1527179601 1464
1527180014 1488
1527189952 1488
1530386428 1487
1530389135 1498
1530447627 1495
1530514223 1495
1530885447 1502
1530909117 1502
1530910811 1893
1531238983 924
1531245585 1882
1531293848 1884
1531301536 1883
1531309677 1884
1531856467 1884
1531900429 1886
1531902062 2056
1531912931 2056
1532494387 2059
1532505175 2060
1532713678 2062
1532934621 2059
1532948516 2060
1532973200 2060
1533100395 2089
1533741164 2090
1533745812 2089
1533748697 2089
1533753470 2089
1535477292 2090
1535486702 2093
1535486833 2093
1535566471 2090
1535590448 2090
1535965930 2091
1535979580 2091
1535985583 2090
1536044856 2161
1536051388 4537
1536054500 4539
1536129119 4535
1536130152 4709
1536130328 4687
1536133075 4680
1536135359 4722
1536144596 4722
1536144728 4725
1536144756 4738
1536144785 5842
1536145636 5842
1536146065 5840
1536146521 5840
1536216094 5848
1536216110 5848
1536216127 5806
1537182126 4703
1537183086 5835
1537190454 5912
1537193198 5912
1537195264 5915
1537254915 6051
1537257248 6054
1537269795 6054
1537270808 6053
1537477214 6053
1537787332 6075
1537813937 6075
1537864024 6072
1537872443 6406
1537986164 6405
1538070026 6409
1538209849 6554
1538419924 6567
1538420756 6567
1538609960 6627
1538941930 6706
1539079675 6720
1539079991 6726
1539080226 6726
1539350761 6729
1539352967 6735
1539680076 7039
1539686121 7039
1539701268 7046
1539705444 6590
1539775191 6846
1541156229 6886
1542924971 6891
1545215565 5432
1545297589 5529
1545297674 5532
1545298011 5535
1546431127 5536
1546431226 5531
1546431965 5531
1546432376 5537
1546864832 5533
1546865422 5529
1547121263 5541
1547473917 5541
1547475066 5547
1547560666 5547
1547567099 5547
1547629919 5542
1548075873 5549
1548935603 5551
1548939200 5551
1548942692 5564
1548943773 5564
1549035214 5563
1549576733 6286
1549577284 6438
1549577645 6438
1549579376 6439
1549637010 6455
1549639742 6441
1549639906 6441
1549875321 6441
1550165173 6408
1550165579 6403
1550652078 6412
