1536156127 780
1536302770 831
1536304320 856
1536309557 9917
1536313013 10515
1537170350 13473
1537178452 11494
1537476681 11092
1537773886 11829
1537787399 11834
1537872495 11844
1537873933 11844
1538027824 11844
1538211827 12013
1538610055 12013
1539090956 12035
1539352396 12529
1539352400 12527
1539681319 12524
1539691804 12558
1539881324 12558
1540543887 12558
1540544552 12559
1540843619 12559
1541229191 12559
1541229229 12559
1542669013 12563
1542707428 11008
1542861771 11516
1542972042 11516
1543387538 11516
1543388570 11523
1543388584 11524
1543409539 11524
1543549315 11524
1544409085 11524
1544695326 11997
1545053088 11999
1545053100 12006
1545055759 12048
1545055770 12044
1545055984 12043
1545123066 12046
1545123072 12066
1545123078 12084
1545220810 12151
1546865765 12153
1547224317 12163
1547731970 12163
1549026818 12204
1549026830 12204
1549028047 12249
1549035930 12249
1549264485 12265
1549641112 12323
1549881882 12878
1549882070 12878
1549882729 12885
1549882741 12885
1549882752 12885
1549882867 13017
1550142329 13020
1550142370 13081
1550496290 13102
1550497263 13102
