1516611311 201
1516612181 266
1516618034 278
1516696693 351
1517578196 359
1517984861 357
1517984890 356
1517985172 362
1518195701 375
1518513635 377
1518514219 509
1518514274 509
1518522689 509
1518525067 509
1518525567 510
1519024250 526
1519200943 523
1519200973 522
1519201793 555
1519203933 555
1519219906 441
1519219923 441
1519369283 446
1519636732 448
1519637827 449
1519638585 449
1519638840 450
1519639134 453
1519639256 453
1519653975 459
1519653993 3874
1519712631 3943
1519714024 3963
1519716045 4051
1519716062 4052
1519717764 3901
1519724952 4052
1519982345 4066
1520248443 4067
1520959516 4113
1521024909 4090
1521026202 4090
1521027342 4088
1521058223 4041
1521795974 4022
1522071488 4032
1522309451 4032
1523862257 4032
1523976542 4595
1524044860 4595
1524215420 4568
1524232510 4639
1524233717 4634
1524234324 4634
1524241812 4634
1524471612 4641
1524500710 4641
1524599108 5131
1524599718 1716
1526551267 1664
1526551297 1661
1526558245 1665
1527064217 1685
1527091817 1695
1527179451 1695
1527180918 1695
1527186920 1695
1528797320 1710
1528803618 1712
1528823131 1712
1530396623 1717
1530447621 1717
1530450355 1724
1530885517 1727
1530971615 1727
1531155042 2354
1531161105 2345
1531239802 1285
1531241687 2345
1531294674 2348
1531302608 2347
1531311246 2348
1532434524 2350
1532503104 2350
1533284258 2355
1533745925 2359
1535522900 2369
1535534737 1305
1535544584 1310
1535548062 2375
1535614326 2377
1535630536 2377
1535632245 2376
1535633043 2376
1535634576 2377
1535820079 2377
1535967873 2378
1535976209 2379
1535977308 2378
1535977683 2383
1535987724 2381
1536017851 2380
1536045955 2384
1536068650 2384
1536084526 2388
1536139058 2168
1536303941 2168
1536305373 2181
1536307920 2181
1537182483 2176
1537647021 2184
1537996356 2198
1538147378 2191
1538217391 2194
1538517859 2193
1539091106 2169
1539121574 2169
1539129050 2169
1539195795 2169
1539270522 2169
1539328953 2169
1539338901 2169
1539724818 2169
1539787285 2169
1540135327 2170
1540250095 2172
1540260791 2174
1540311854 2174
1540660074 2174
1540733748 2174
1540829194 2174
1540934657 2174
1540941225 2183
1540944990 2183
1540970769 2183
1541003573 2183
1541346861 2183
1541367873 2183
1541597408 2237
1541601058 2237
1541679997 2237
1541685859 2237
1541960463 2237
1542035410 2237
1542219529 2235
1542296418 2235
1542312747 2245
1542316976 2245
1542326171 2245
1542371080 2245
1542385778 2245
1542461970 2252
1542657052 2252
1542883457 2252
1543026776 2252
1543388756 2252
1543394412 2252
1543866578 2258
1543926062 2274
1544539987 2281
1544574849 2281
1544575924 2281
1544788306 2281
1545064084 2282
1547633308 2282
1547637969 2282
1548181452 2282
