1542728988 676
1544190175 1805
1544190388 2179
1544191664 2699
1545153653 3046
1545164023 3076
1545218979 3169
1545228406 3209
1545228467 3209
1546441301 3392
1546448567 3424
1546600405 3680
1546858350 3529
1546956923 3564
1546961720 3563
1546961745 3607
1546962813 3607
1546968252 3608
1547045323 3608
1547045353 3662
1547046235 3665
1547052635 3664
1547106450 3685
1547108004 3685
1547194225 3697
1547194546 3704
1547213565 3714
1547218988 3716
1547222334 3716
1547451785 3714
1547454849 3732
1547459142 3733
1547472968 3733
1547473000 3733
1547473019 3728
1547476088 3729
1547476815 3740
1547479918 3738
1547481835 3710
1547482915 3717
1547484253 3813
1547558546 3799
1547559154 3799
1547560328 3808
1547563143 3809
1547567839 3818
1547567891 3818
1547568139 3818
1547646781 3983
1547649050 3984
1547650986 3852
1547652484 3845
1547654899 3836
1547655338 3836
1547655523 3835
1547655809 3838
1547661682 3847
1547668497 3854
1547668949 3849
1547668999 3849
1547670313 3850
1547713459 3863
1547715729 3873
1548163257 3873
1548232168 3881
