1537727393 2
1537791967 43
1537792140 55
1538938283 2905
1538941870 2988
1538942262 2986
1539088053 2982
1539091672 2987
1539092902 2987
1539154933 3011
1539155332 3011
1539155389 3020
1539155410 3017
1539155437 3017
1539155461 3017
1539155501 3054
1539155575 3086
1539159511 3086
1539166056 3087
1539169844 3080
1539175603 3092
1539176253 3075
1539183703 3078
1539255878 3078
1539259383 3078
1539259391 3080
1539260274 3080
1539272517 3080
1539335520 3082
1539335846 3099
1539881458 3099
1540137214 3100
1540471750 3098
1540551583 3099
1540551775 3014
1540884644 3127
1540901802 3107
1540973605 3107
1541369470 3107
1541426375 3107
1541426965 3108
1541429913 3109
1541577177 3108
1541578826 3135
1541703671 3135
1542193099 3146
1542193111 3144
1542278278 3143
1542296345 3143
1542333255 3140
1542361981 3140
1542362064 3149
1542387612 3149
1542457291 3149
1542457600 3150
1542458646 3159
1542464282 3159
1542572756 3159
1542572886 3221
1542625979 3221
1542626081 3221
1542626383 3218
1542667073 3218
1542708278 3218
1542743498 3218
1542749738 3217
1542808899 3218
1542861962 3254
1542862004 3361
1542862249 3685
1542885089 3685
1542908655 3685
1542912399 3685
1542973534 3680
1543169344 3680
1543312490 3680
1543323116 3683
1543391104 3730
1543397986 3730
1543930814 3750
1543930821 3772
1543933275 3780
1543937228 3758
1543937249 3758
1544003204 3758
1544003221 3762
1544017219 3787
1544118056 3787
1544190230 3787
1544467884 3787
1544518931 3785
1544540242 3789
1544574311 3789
1544574393 3796
1544575817 3802
1544577921 3802
1545053852 3802
1545641701 3800
1547191992 3665
1547643714 3665
1547644103 3665
1547654045 3673
1547726188 3669
1547741213 3671
1547741223 3671
1547798359 3671
1548178223 3696
1548184536 3696
