1542133272 0 1
1542133500 1 1
1542135438 2 1
1542136199 3 1
1542137165 4 1
1542137328 5 1
1542137502 6 1
1542137855 7 1
1542144422 8 1
1542145169 9 1
1542145655 10 1
1542145970 11 1
1542146320 12 1
1542147674 13 1
1542180730 14 1
1545222191 15 1
1545222329 15 2
1545228456 16 2
1545228717 17 2
1545240300 18 2
1545240341 18 3
1546509363 19 3
1546521125 19 4
1546521147 20 4
1546521178 20 5
1546521218 21 5
1546521238 21 6
1546521314 22 6
1546521660 23 6
1546546222 24 6
1546852093 25 6
1546852131 26 6
1546852185 27 6
1546859282 27 7
1546859291 27 8
1546859301 27 9
1546859363 28 9
1547572905 29 9
1547629895 29 10
1549035544 30 10
1549036346 30 11
1549050791 31 11
1550244166 32 11
