1527083553 104
1527083760 431
1527178719 431
1527183919 1082
1527183936 1082
1527190925 861
1527190979 891
1527191994 1081
1527504540 1088
1527504622 1090
1527514818 1093
1528831240 1117
1528831522 1120
1528832125 1142
1528837828 1142
1528978712 1142
1529318720 1143
1529345434 1430
1529349630 1573
1529439927 1629
1529440228 1629
1529508585 1631
1529615722 1665
1529654119 1682
1529670683 2115
1529671552 2115
1529919576 2111
1529920455 2121
1529920559 2121
1530173243 2136
1530173299 2136
1530179854 2139
1530180714 2139
1530180996 2126
1530181235 2130
1530379000 2129
1530380013 2129
1530380290 2129
1530827745 2129
1530890131 2149
1530909151 2149
1530911592 2148
1530915156 2154
1530942672 2154
1530959153 2148
1530959327 2148
1531139607 2737
1531159473 2833
1531164449 2833
1531205053 2834
1531219546 2947
1531228956 2947
1531239785 2421
1531247571 2947
1531308971 2947
1531310186 2950
1531313621 2950
1531314533 2957
1531462326 2962
1531498766 2978
1531499022 2980
1531730521 2981
1531735498 2981
1531735804 2981
1531736490 2981
1531737919 2983
1531746797 2983
1532434426 2984
1532434909 2458
1532434984 2458
1532435859 2458
1532436258 2486
1532436871 2488
1532437594 3058
1532494510 3069
1532508934 3088
1532509347 3088
1532521136 3085
1532521847 3243
1532593429 3284
1532599407 3287
1532625989 3449
1532627018 3449
1532627037 3449
1532627067 3449
1532628445 3451
1532630348 3450
1532632455 3450
1532664839 2924
1532666439 3502
1532676319 3498
1532686038 3499
1532686251 3499
1532687173 3499
1532687464 3502
1532695840 3499
1532698953 3503
1532699803 3502
1532700765 3513
1532701202 3519
1532701701 3526
1532704414 3525
1532704819 3525
1532706693 3525
1532755696 3547
1532756337 3717
1532756866 3715
1532757517 3717
1532757666 3758
1532758018 3758
1532766947 3759
1532767074 3185
1532767634 3185
1532768263 3759
1532875854 3759
1532877060 3759
1532878212 3765
1532933555 3997
1532936707 3997
1532940640 3997
1532941500 3998
1532941943 3998
1532945741 4004
1532946834 4005
1532947619 4005
1533013853 4006
1533017795 4037
1533127590 4044
1533131169 4044
1533201148 4054
1533561605 4077
1535541401 4083
1535571821 4083
1535965056 4098
1535968496 4102
1535996378 4102
1536313989 4120
1536317539 4120
1536326703 4130
1537164273 4138
1537993854 4138
1538262055 4138
1538983093 4147
1539037934 4148
1539038561 4149
1539067637 4149
1539082652 3593
1539084394 4160
1539087493 4160
1539088529 4161
1539091784 4162
1539096187 4162
1539101967 4180
1539103086 4193
1539117947 4193
1539118281 4193
1539353158 4192
1540889665 4192
1541146687 4199
1541590912 4204
1542137733 4210
1542636015 4213
1543313424 4230
1543313441 4248
1543323405 4249
1547121954 4263
1549032535 4299
1549032638 4307
1550568132 4327
1550568525 4327
