1519214496 339
1519217861 352
1519217979 365
1519230049 710
1519402004 818
1519635773 828
1519638332 841
1519638350 855
1519638372 856
1519638911 856
1519643098 858
1519643286 861
1519646175 886
1519646210 889
1519646242 894
1519646418 901
1519647578 901
1519715835 963
1519715858 963
1519716805 971
1519716938 971
1519720377 989
1519720425 990
1519721051 990
1519990938 990
1519990978 990
1520239548 1016
1520239903 1011
1520259636 1017
1520262997 1004
1520948046 1127
1520949331 1127
1520949385 1172
1520949421 1138
1520949456 1096
1520955222 1128
1520956714 1127
1520956749 1128
1520958745 1128
1521024796 1125
1521024818 1144
1521025113 1150
1521025612 1156
1521025655 1156
1521026573 1165
1521027633 1216
1521032108 1216
1521036432 1216
1521036444 1220
1521036957 1220
1521058396 1222
1521061411 1232
1521061453 1232
1521106726 1232
1521106768 1233
1521106840 1233
1521106874 1233
1521465695 1238
1521469826 1249
1521478367 1249
1521485666 1249
1521794057 1254
1522062254 1273
1522062278 1273
1522308705 1273
1522308750 1273
1522997220 1789
1523016183 1791
1523383418 1992
1523430007 1996
1523430859 1996
1523431143 1996
1523437839 1996
1523441574 2003
1523441869 2001
1523456142 2001
1523458519 2001
1523532323 2016
1523532913 2013
1523532964 2013
1523533280 2013
1523534184 2013
1523534884 2024
1523535541 2024
1523535562 2024
1523535579 2024
1523535591 2024
1523536011 2024
1523537785 2024
1523538434 2024
1523857194 2024
1523857233 2024
1523860508 2026
1523860528 2026
1523860565 2026
1523860922 2031
1523872858 2032
1523874613 2032
1523876525 2032
1523876581 2032
1523941868 2077
1523942570 2077
1523958051 2065
1523958089 2065
1523967578 2069
1523977836 2087
1524055647 2087
1524203684 2092
1524214677 2105
1524218089 2105
1524599111 2111
1524599411 2680
1524657013 2693
1524657065 2693
1524659409 2736
1524659496 2736
1524663901 2736
1524664219 2737
1524665426 2737
1524665523 2747
1524665915 2752
1524666084 2752
1524668855 2773
1524668869 2774
1524669053 2774
1524669277 2774
1524670115 2775
1524670142 2775
1524670981 2774
1524671593 2774
1524726139 2810
1524730643 2810
1524829216 2835
1524835513 2840
1524836051 2841
1526381409 2847
1526468714 2845
1526482216 3072
1526547011 30698
1526548484 30698
1526550316 30701
1526550911 30702
1526551868 30702
1526553013 30702
1526553648 30702
1526557786 30704
1526557836 30704
1526559397 30507
1526561715 30504
1527064213 30524
1527178290 30524
1527179752 30524
1527181783 30524
1527184776 30524
1528791918 30531
1528821935 30531
1528960216 30531
1529949916 30551
1530185154 31102
1530377736 31102
1530378362 31102
1530379552 31102
1530441141 31108
1530889729 31105
1530900522 31123
1530905575 31113
1531153823 31117
1531153901 31108
1531212924 31104
1531239585 29877
1531243622 31108
1531294918 31105
1531302806 31105
1531311393 31105
1531312605 31105
1531314157 31105
1531348848 31102
1531833340 31102
1531836994 31108
1532677140 31108
1532712465 31108
1532949437 31107
1533588160 31770
1533589224 31711
1533733153 31106
1533734751 31160
1533738546 31160
1533742520 31160
1533746979 31160
1533750369 31160
1533766483 31160
1533862105 31160
1533938705 31164
1535363223 31798
1535364126 31803
1535364252 31161
1535370055 31161
1535438402 31709
1535438507 31710
1535465831 31711
1535469962 31711
1535473736 31770
1535475572 31770
1535483957 31773
1535489668 31770
1535492166 32206
1535522772 31797
1535543394 31803
1535543999 31803
1535611048 31805
1535612314 31808
1535658767 31808
1535719854 31808
1535721500 31808
1535722046 31808
1535723473 31808
1535725197 31808
1535961605 31808
1535961687 31808
1535965037 31808
1536129223 31916
1537647675 31935
1537670754 31936
1537689964 31939
1537704910 31936
1537791606 31937
1537792105 31951
1537912587 31955
1537997068 31964
1538001281 31962
1538038204 31977
1538069970 31963
1538200540 31976
1538200587 31976
1538207996 31997
1538247757 31972
1538455189 31976
1538543486 31996
1538555377 32285
1538578687 31995
1538728711 32011
1538729437 32073
1539084385 32049
1539259283 32049
1539269449 32057
1539326369 32084
1539327618 32084
1539327661 32084
1539335158 32084
1539336202 32089
1539387050 32089
1539534354 32079
1539647907 32079
1539681048 32080
1539725649 32080
1539730467 32080
1539817239 32080
1539882468 32085
1539903137 32087
1539989535 32087
1539989729 32085
1540138789 32085
1540249062 32099
1540257128 32103
1540267140 32103
1540333023 32103
1540547378 32096
1540711576 32096
1540768975 32094
1540800901 32094
1540893070 32079
1540900825 32079
1540934671 32079
1540938632 32208
1540939063 32223
1540945281 32223
1540946459 32226
1540987981 32262
1540988407 32226
1540988562 32265
1540995033 32226
1541107657 32265
1541107692 32265
1541145423 32265
1541147519 32329
1541147843 32361
1541149852 32361
1541195353 32285
1541230343 32288
1541264890 32321
1541269951 32482
1541271302 32322
1541347354 32322
1541364931 32355
1541371538 32348
1541371709 32348
1541418827 32348
1541418975 32350
1541428200 32377
1541506235 32404
1541549958 32404
1541585951 32428
1541593377 32428
1541598720 32431
1541633807 32431
1541668787 32434
1541668813 32479
1541671505 32483
1541674570 32490
1541680602 32490
1541683051 32493
1541685529 32539
1541689012 32539
1541702442 32539
1541721480 32539
1541816513 32539
1541961051 32539
1542085884 32533
1542115390 32544
1542152959 32548
1542220246 32548
1542239646 32548
1542285225 32564
1542327237 32564
1542330241 32564
1542372120 32564
1542376992 32564
1542408011 32564
1542462974 32571
1542669601 32584
1542669817 32584
1542670479 32597
1542672412 32563
1542692832 32571
1542706067 32597
1542707923 32596
1542711210 32615
1542715403 32638
1542720727 32771
1542741115 32666
1542742155 32670
1542745794 32671
1542748900 32775
1542751325 32776
1542756445 32775
1542765330 32775
1542790311 32775
1542794339 33003
1542798758 33008
1542800624 32999
1542800658 32999
1542806343 33000
1542807192 33077
1542824122 33095
1542844348 33000
1542863819 33154
1542864578 33154
1542864982 33150
1542865956 33113
1542881379 33164
1542902886 33164
1542903191 33163
1542904173 33163
1542906764 33167
1542907253 33167
1542908822 33167
1542911421 33167
1542911556 33175
1542911827 33175
1542921755 33181
1542925878 33207
1543217952 33181
1543218239 33181
1543221581 33189
1543222271 33193
1543222290 33193
1543226056 33203
1543226328 33206
1543234586 33207
1543242495 33224
1543255401 33224
1543257761 33243
1543267084 33263
1543269363 33263
1543384214 33335
1543405401 33344
1543490896 33354
1543493525 33335
1543494463 33335
1543496601 33335
1543497126 33336
1543548340 33336
1543843536 33337
1543844016 33347
1543847369 33350
1543847403 33350
1543847544 33351
1543847627 33351
1543862373 33355
1543897940 33351
1543927415 33355
1543928194 33369
1543932057 33386
1544014010 33386
1544056206 33386
1544142733 33386
1544221246 33386
1544480162 33386
1544536031 33403
1544574622 33860
1544583703 33860
1544590176 33860
1544616757 33856
1544661421 33860
1544706439 33864
1544715615 33900
1544715766 33932
1544780687 33932
1544787997 33991
1544790443 34005
1544797654 33932
1544800043 33954
1544810479 33922
1544810791 33922
1544834500 33922
1545039491 33996
1545048220 34003
1545051505 34002
1545057207 34022
1545109766 34022
1546406274 34022
1546603341 34029
1546603413 34037
1546616488 34029
1546720471 34033
1546882283 34030
1546901351 34037
1547039392 34040
1547467702 33989
1547839604 34002
1548065227 34132
1548098148 34002
1548098453 34002
1548139863 34012
1548140163 34012
1548140460 34002
1548152765 34012
1548155312 34046
1548318903 34011
1548325117 34011
1548844730 34017
1548850313 34094
1548850482 34094
1548850537 34095
1548850695 34098
1548853799 34061
1548858963 34131
1548938250 34252
1548938620 34252
1548939128 34254
1548939376 34274
1548958565 34288
1549033580 34317
1549035583 34303
1549536387 34302
1549634887 34303
1549635852 34303
1549870938 34346
1549871236 34346
1549871576 34346
1549875110 34346
1549886784 34347
1549889671 34346
1549890671 34369
1550067524 34370
1550081233 34418
1550133051 34564
1550140555 34569
1550141998 34569
1550150394 34671
1550152599 34577
1550153236 34581
1550153366 34578
1550492713 34581
1550495251 34674
1550584742 34585
1550641805 34601
1550646032 34695
1550646351 34695
1550646954 34695
1550647285 34695
1550652368 34696
1550655844 34697
1550656836 34700
1550657670 34700
1550657780 34722
