1523946456 341
1523946633 343
1524221716 949
1524225314 954
1524471311 961
1524479076 1169
1524479711 1185
1524490289 1185
1524495187 1185
1524558609 1194
1524597910 1545
1524668110 1545
1524678906 1549
1524682208 1563
1524724813 1561
1524817208 1557
1524823636 1560
1524836409 1561
1526482513 1748
1526551515 1748
1526554743 1754
1526558454 1758
1527061833 1768
1527065110 1788
1527179574 1788
1527180308 1788
1527186306 1788
1528800588 1801
1528800914 1801
1530389127 1801
1530532537 1791
1530534323 1824
1530882014 1819
1530882365 1823
1531157211 1823
1531161157 1814
1531239798 1301
1531241419 1814
1531294271 1817
1531301925 1816
1531310129 1817
1531856721 1817
1532334775 1817
1532494336 1831
1532496086 1831
1532499368 1831
1532500073 1831
1532516139 1834
1532590936 1875
1532713955 1874
1532935049 1874
1533637734 1878
1533741429 1879
1533745980 1878
1533749014 1878
1533753860 1878
1535475903 1878
1535477493 1879
1535477853 1802
1535487008 2010
1535568584 1929
1535587755 1929
1535658889 1929
1535966359 1930
1535974689 1930
1535979989 1929
1535989299 1929
1536144247 1716
1536154086 1731
1537180100 1724
1537778787 1727
1538000203 1742
1538150330 1741
1538216315 1744
1539089116 1729
1539124485 1729
1539131007 1729
1539244051 1729
1539273263 1729
1539328006 1729
1539337759 1729
1539587294 1731
1540137698 1731
1540246062 1788
1540248167 1800
1540252977 1798
1540671357 1811
1540737379 1810
1540834781 1810
1540889295 1806
1540892876 1820
1540933480 1822
1540936598 1822
1540942765 1820
1540944686 1823
1540974537 1825
1541071472 1825
1541071506 1823
1541107723 1823
1541405385 1822
1541493436 1820
1541576905 1820
1541587412 1849
1541588296 1847
1541603688 1849
1541666185 1850
1541668444 1848
1541679214 1850
1541684844 1850
1541713160 1848
1542045057 1855
1542288427 1857
1542328601 1857
1542379020 1857
1542466973 1857
1542661716 1855
1542886342 1855
1543229381 1857
1543387330 1857
1543392551 1857
1543849424 1863
1544113129 1863
1544587573 1863
1544593262 1863
1545068947 1864
1547024424 1909
1547557444 1909
1548187433 1909
1549035820 1908
1550133240 1990
1550141918 1989
1550641965 1992
