1523946456 0 0 0 0 341 0 0 0
1523946633 0 3 0 0 341 0 0 0
1523981230 0 473 0 0 341 0 0 0
1524219073 0 609 0 0 341 0 0 0
1524221716 0 609 0 0 341 0 0 0
1524223863 0 614 0 0 341 0 0 0
1524225134 0 614 0 207 341 0 0 0
1524225314 0 614 0 207 341 0 0 0
1524225665 0 614 0 209 341 0 0 0
1524232759 0 614 0 239 341 0 0 0
1524471199 0 614 0 246 341 0 0 0
1524471311 0 614 0 246 341 0 0 0
1524479076 0 646 0 246 341 0 0 0
1524479445 0 647 0 246 341 0 0 0
1524479711 0 647 0 246 341 0 0 0
1524490289 0 649 0 246 341 0 0 0
1524495187 0 654 0 246 341 0 0 0
1524558158 0 655 0 246 341 0 0 0
1524558186 0 656 0 246 341 0 0 0
1524558206 0 657 0 246 341 0 0 0
1524558269 0 662 0 246 341 0 0 0
1524558326 0 665 0 246 341 0 0 0
1524558609 0 665 0 246 341 0 0 0
1524597590 0 1282 0 246 341 0 0 0
1524597607 0 1298 0 246 341 0 0 0
1524597910 0 1298 0 246 341 0 0 0
1524666947 0 1298 0 247 341 0 0 0
1524668110 0 1298 0 247 341 0 0 0
1524671406 0 1298 0 251 341 0 0 0
1524678906 0 1298 0 251 341 0 0 0
1524680973 0 1298 0 276 341 0 0 0
1524681509 0 1298 0 277 341 0 0 0
1524682208 0 1298 0 277 341 0 0 0
1524689252 0 1298 0 277 341 0 0 0
1524724813 0 1298 0 277 341 0 0 0
1524738206 0 1300 0 277 341 0 0 0
1524738727 0 1302 0 277 341 0 0 0
1524742608 0 1302 0 277 341 0 0 0
1524817208 0 1302 0 277 341 0 0 0
1524823277 0 1305 0 277 341 0 0 0
1524823636 0 1305 0 277 341 0 0 0
1524827856 0 1307 0 277 341 0 0 0
1524836409 0 1307 0 277 341 0 0 0
1526481998 0 1560 0 277 341 0 0 0
1526482513 0 1560 0 277 341 0 0 0
1526549057 0 1571 0 277 341 0 0 0
1526551515 0 1571 0 277 341 0 0 0
1526554532 0 1578 0 277 341 0 0 0
1526554743 0 1578 0 277 341 0 0 0
1526558454 0 1598 0 277 341 0 0 0
1526977166 0 1608 0 277 341 0 0 0
1527061833 0 1608 0 277 341 0 0 0
1527064988 0 1639 0 277 341 0 0 0
1527065110 0 1639 0 277 341 0 0 0
1527179574 0 1641 0 277 341 0 0 0
1527180183 0 1645 0 277 341 0 0 0
1527180308 0 1645 0 277 341 0 0 0
1527186176 0 1649 0 277 341 0 0 0
1527186306 0 1649 0 277 341 0 0 0
1528794893 0 1649 0 291 341 0 0 0
1528794937 0 1649 0 387 341 0 0 0
1528794972 0 1649 0 394 341 0 0 0
1528795406 0 1649 0 394 341 0 0 0
1528800914 0 1649 0 399 341 0 0 0
1530388567 0 1696 0 399 341 0 0 0
1530389127 0 1696 0 399 341 0 0 0
1530525683 0 1699 0 399 341 0 0 0
1530532537 0 1699 0 399 341 0 0 0
1530532836 0 1699 0 459 341 0 0 0
1530534323 0 1699 0 459 341 0 0 0
1530880888 0 1699 0 459 341 0 34 0
1530882014 0 1699 0 466 341 0 34 0
1530882081 0 1699 0 466 341 0 34 0
1530882365 0 1699 0 466 341 0 34 0
1531157211 0 1699 0 467 341 0 34 0
1531159379 0 1699 0 467 341 0 74 0
1531161157 0 1699 0 467 341 0 74 0
1531239601 0 1699 0 467 341 0 74 0
1531239798 0 1699 0 467 341 0 74 0
1531240195 0 1699 0 467 341 0 587 0
1531241419 0 1699 0 467 341 0 587 0
1531293499 0 1699 0 467 341 0 599 0
1531294271 0 1699 0 467 341 0 599 0
1531301362 0 1699 0 467 341 0 602 0
1531301925 0 1699 0 467 341 0 602 0
1531309459 0 1699 0 467 341 0 609 0
1531310129 0 1699 0 467 341 0 609 0
1531855854 0 1699 0 467 341 0 624 0
1531856721 0 1699 0 467 341 0 624 0
1532076035 0 1707 0 467 341 0 624 0
1532334775 0 1707 0 469 341 0 624 0
1532425664 0 1726 0 469 341 0 624 0
1532429362 0 1726 0 469 341 0 624 0
1532494336 0 1726 0 469 341 0 624 0
1532496086 0 1727 0 469 341 0 624 0
1532499368 0 1728 0 469 341 0 624 0
1532500073 0 1729 0 469 341 0 624 0
1532515747 0 1733 0 469 341 0 624 0
1532516139 0 1733 0 469 341 0 624 0
1532590936 0 1733 0 510 341 0 624 0
1532712992 0 1733 0 510 341 0 642 0
1532713955 0 1733 0 510 341 0 642 0
1532934633 0 1733 0 510 341 0 648 0
1532935049 0 1733 0 510 341 0 648 0
1533626810 0 1737 0 510 341 0 648 0
1533637734 0 1737 0 510 341 0 648 0
1533730009 0 1745 0 510 341 0 648 0
1533730555 0 1750 0 510 341 0 648 0
1533731043 0 1751 0 510 341 0 648 0
1533740941 0 1751 57 510 341 0 648 0
1533741429 0 1751 57 510 341 0 648 0
1533745203 0 1751 63 510 341 0 648 0
1533745980 0 1751 63 510 341 0 648 0
1533748448 0 1751 69 510 341 0 648 0
1533749014 0 1751 69 510 341 0 648 0
1533753226 0 1751 75 510 341 0 648 0
1533753860 0 1751 75 510 341 0 648 0
1535433135 0 1751 75 510 341 0 648 0
1535433612 0 1751 75 510 341 0 648 0
1535475903 0 1751 75 510 341 0 648 0
1535476244 0 1752 75 510 341 0 648 0
1535476552 0 1752 94 510 341 0 648 0
1535477435 0 1752 94 510 341 0 648 0
1535477493 0 1752 94 510 341 0 648 0
1535477721 0 1752 94 510 341 0 648 0
1535477853 0 1752 94 510 341 0 648 0
1535486401 0 1752 311 510 341 0 648 0
1535487008 0 1752 311 510 341 0 648 0
1535566925 0 1752 360 510 341 0 648 0
1535568584 0 1752 360 510 341 0 648 0
1535573033 0 1752 360 510 341 0 648 0
1535585517 0 1752 373 510 341 0 648 0
1535587755 0 1752 373 510 341 0 648 0
1535657838 0 1752 373 510 341 0 648 0
1535658889 0 1752 373 510 341 0 648 0
1535965945 0 1752 410 510 341 0 648 0
1535966359 0 1752 410 510 341 0 648 0
1535974689 0 1752 410 512 341 0 648 0
1535978263 0 1752 419 512 341 0 648 0
1535979989 0 1752 419 512 341 0 648 0
1535987886 0 1752 426 512 341 0 648 0
1535989299 0 1752 426 512 341 0 648 0
1536144247 0 1752 426 522 341 0 648 0
1536152252 0 1752 468 522 341 0 648 0
1536154086 0 1752 468 522 341 0 648 0
1537178789 0 1752 533 522 341 0 648 0
1537180100 0 1752 533 522 341 0 648 0
1537773165 0 1760 533 522 341 0 648 0
1537774234 0 1760 533 522 341 0 648 0
1537778787 0 1760 533 522 341 0 648 0
1537998705 0 1760 610 522 341 0 648 0
1538000203 0 1760 610 522 341 0 648 0
1538149490 0 1760 625 522 341 0 648 0
1538150330 0 1760 625 522 341 0 648 0
1538215861 0 1760 640 522 341 0 648 0
1538216315 0 1760 640 522 341 0 648 0
1539088260 0 1760 679 522 341 0 648 0
1539089116 0 1760 679 522 341 0 648 0
1539123444 0 1760 685 522 341 0 648 0
1539124485 0 1760 685 522 341 0 648 0
1539130195 0 1760 694 522 341 0 648 0
1539131007 0 1760 694 522 341 0 648 0
1539243763 0 1760 703 522 341 0 648 0
1539244051 0 1760 703 522 341 0 648 0
1539272735 0 1760 706 522 341 0 648 0
1539273263 0 1760 706 522 341 0 648 0
1539327517 0 1760 718 522 341 0 648 0
1539328006 0 1760 718 522 341 0 648 0
1539337476 0 1760 721 522 341 0 648 0
1539337759 0 1760 721 522 341 0 648 0
1539434303 0 1760 721 595 341 0 648 0
1539587294 0 1760 721 595 341 0 648 0
1540135076 0 1760 721 656 341 0 648 0
1540135155 0 1760 721 670 341 0 648 0
1540137557 0 1760 802 670 341 0 648 0
1540137698 0 1760 802 670 341 0 648 0
1540151020 0 1760 802 670 341 0 648 0
1540152309 0 1760 802 782 341 0 648 0
1540152648 0 1760 802 816 341 0 648 0
1540199743 0 1760 802 818 341 0 648 0
1540207616 0 1760 802 823 341 0 648 0
1540244591 0 1760 802 825 341 0 648 0
1540246062 0 1760 802 825 341 0 648 0
1540248167 0 1760 802 838 341 0 648 0
1540252635 0 1760 805 838 341 0 648 0
1540252977 0 1760 805 838 341 0 648 0
1540580793 0 1777 805 838 341 0 648 0
1540671085 0 1777 805 839 341 0 648 0
1540671357 0 1777 805 839 341 0 648 0
1540737046 0 1777 855 839 341 0 648 0
1540737379 0 1777 855 839 341 0 648 0
1540834451 0 1777 861 839 341 0 648 0
1540834781 0 1777 861 839 341 0 648 0
1540887777 0 1783 861 839 341 0 648 0
1540888730 0 1800 861 839 341 0 648 0
1540889295 0 1800 861 839 341 0 648 0
1540889419 0 1800 861 839 341 0 648 0
1540892876 0 1800 861 839 341 0 648 0
1540932979 0 1800 869 839 341 0 648 0
1540933480 0 1800 869 839 341 0 648 0
1540936598 0 1801 869 839 341 0 648 0
1540942765 0 1801 869 839 341 0 648 0
1540944686 0 1816 869 839 341 0 648 0
1540973663 0 1816 886 839 341 0 648 0
1540974537 0 1816 886 839 341 0 648 0
1540976231 0 1816 886 839 341 0 648 0
1541018910 0 1816 886 839 343 0 648 0
1541071303 0 1816 898 839 343 0 648 0
1541071472 0 1816 898 839 343 0 648 0
1541071499 0 1816 898 839 343 0 648 0
1541071506 0 1816 898 839 343 0 648 0
1541075907 0 1816 898 839 343 0 648 0
1541107723 0 1816 898 839 343 0 648 0
1541405138 0 1816 942 839 343 0 648 0
1541405385 0 1816 942 839 343 0 648 0
1541493436 0 1816 942 839 343 0 648 0
1541520326 0 1816 942 839 344 0 648 0
1541576905 0 1816 942 839 344 0 648 0
1541586622 0 1816 985 839 344 0 648 0
1541587412 0 1816 985 839 344 0 648 0
1541588296 0 1816 985 839 344 0 648 0
1541603113 0 1816 990 839 344 0 648 0
1541603688 0 1816 990 839 344 0 648 0
1541663464 0 1816 990 845 344 0 648 0
1541665207 0 1816 990 852 344 0 648 0
1541666185 0 1816 990 852 344 0 648 0
1541668444 0 1816 990 852 344 0 648 0
1541672772 0 1816 990 852 344 0 648 0
1541678349 0 1816 1001 852 344 0 648 0
1541679214 0 1816 1001 852 344 0 648 0
1541684457 0 1816 1004 852 344 0 648 0
1541684844 0 1816 1004 852 344 0 648 0
1541713160 0 1816 1004 852 344 0 648 0
1542027578 0 1816 1004 852 344 0 648 0
1542045057 0 1816 1004 852 344 0 648 0
1542286912 0 1816 1051 852 344 0 648 0
1542288427 0 1816 1051 852 344 0 648 0
1542327730 0 1816 1081 852 344 0 648 0
1542328601 0 1816 1081 852 344 0 648 0
1542378321 0 1816 1090 852 344 0 648 0
1542379020 0 1816 1090 852 344 0 648 0
1542466637 0 1816 1099 852 344 0 648 0
1542466973 0 1816 1099 852 344 0 648 0
1542661299 0 1816 1102 852 344 0 648 0
1542661716 0 1816 1102 852 344 0 648 0
1542885552 0 1816 1166 852 344 0 648 0
1542886342 0 1816 1166 852 344 0 648 0
1543228330 0 1819 1166 852 344 0 648 0
1543229381 0 1819 1166 852 344 0 648 0
1543386945 0 1819 1263 852 344 0 648 0
1543387330 0 1819 1263 852 344 0 648 0
1543392331 0 1819 1266 852 344 0 648 0
1543392551 0 1819 1266 852 344 0 648 0
1543848400 0 1819 1321 852 344 0 648 0
1543849424 0 1819 1321 852 344 0 648 0
1544112307 0 1819 1332 852 344 0 648 0
1544113129 0 1819 1332 852 344 0 648 0
1544586422 0 1819 1377 852 344 0 648 0
1544587573 0 1819 1377 852 344 0 648 0
1544592617 0 1819 1379 852 344 0 648 0
1544593262 0 1819 1379 852 344 0 648 0
1545068483 0 1819 1421 852 344 0 648 0
1545068947 0 1819 1421 852 344 0 648 0
1547024301 0 1825 1421 852 344 0 648 0
1547024323 0 1896 1421 852 344 0 648 0
1547024424 0 1896 1421 852 344 0 648 0
1547557393 0 1897 1421 852 344 0 648 0
1547557444 0 1897 1421 852 344 0 648 0
1548186630 0 1897 1517 852 344 0 648 0
1548187433 0 1897 1517 852 344 0 648 0
1549035270 0 1898 1517 852 344 0 648 0
1549035820 0 1898 1517 852 344 0 648 0
1550133065 0 1898 1707 852 344 0 648 0
1550133240 0 1898 1707 852 344 0 648 0
1550141721 0 1898 1709 852 344 0 648 0
1550141918 0 1898 1709 852 344 0 648 0
1550641965 0 1920 1709 852 344 0 648 0
