1542883285 674
1542924742 778
1543218239 774
1543238640 2510
1543238693 2509
1543238703 2509
1543239161 2511
1543239194 2511
1543239977 2511
1543240475 2511
1543310038 2522
1543313275 2592
1543388499 2593
1543848763 2593
1543999502 2642
1543999515 5176
1544001404 5176
1544001543 5242
1544013890 5243
1544013913 5248
1544540011 5248
1544540029 5249
1544556044 5274
1544557661 5274
1544557700 5274
1545052128 5278
1545052139 5278
1545052561 5279
1545056734 5284
1545061197 5288
1545062697 5291
1545122173 5521
1545214946 5522
1545214966 5771
1545215034 5795
1546430966 5798
1546434159 5838
1546864561 5840
1546864621 5840
1548842974 5858
1548845718 5858
1548943530 5856
1548943537 5857
