1517833045 0 0 0 2 0 0 0 0
1517923155 909 0 0 2 0 0 0 0
1517924538 946 0 0 2 0 0 0 0
1517925571 1429 0 0 2 0 0 0 0
1518008892 1430 0 0 2 0 0 0 0
1518008908 1439 0 0 2 0 0 0 0
1518008925 1510 0 0 2 0 0 0 0
1518008937 1530 0 0 2 0 0 0 0
1518010486 1563 0 0 2 0 0 0 0
1518095683 1564 0 0 2 0 0 0 0
1518095718 1564 0 0 2 0 0 0 0
1518095791 1589 0 0 2 0 0 0 0
1518096049 1589 0 0 2 0 0 0 0
1518179089 1824 0 0 2 0 0 0 0
1518179932 1830 0 0 2 0 0 0 0
1518179947 1833 0 0 2 0 0 0 0
1518181715 1835 0 0 2 0 0 0 0
1518194777 1839 0 0 2 0 0 0 0
1518194826 1885 0 0 2 0 0 0 0
1518196365 1897 0 0 2 0 0 0 0
1518196790 1898 0 0 2 0 0 0 0
1518197756 1901 0 0 2 0 0 0 0
1518414201 1902 0 0 2 0 0 0 0
1518414507 1904 0 0 2 0 0 0 0
1518415124 1915 0 0 2 0 0 0 0
1518423103 2005 0 0 2 0 0 0 0
1518424792 2073 0 0 2 0 0 0 0
1518425297 2076 0 0 2 0 0 0 0
1518425460 2089 0 0 2 0 0 0 0
1518429027 2090 0 0 2 0 0 0 0
1518503548 2113 0 0 2 0 0 0 0
1518503598 2114 0 0 2 0 0 0 0
1518503620 2116 0 0 2 0 0 0 0
1518503638 2119 0 0 2 0 0 0 0
1518514377 2120 0 0 2 0 0 0 0
1518514394 2121 0 0 2 0 0 0 0
1518523805 2123 0 0 2 0 0 0 0
1518528187 2131 0 0 2 0 0 0 0
1519219977 2132 0 0 2 0 0 0 0
1519287536 2159 0 0 2 0 0 0 0
1519719742 2159 0 0 2 0 0 0 0
1519719858 2159 0 0 2 0 0 0 0
1519734880 2207 0 0 2 0 0 0 0
1519735135 2211 0 0 2 0 0 0 0
1519907920 2239 0 0 2 0 0 0 0
1519908134 2254 0 0 2 0 0 0 0
1519918149 2254 0 0 2 0 0 0 8
1519918424 2254 0 0 2 0 0 0 8
1519976352 2255 0 0 2 0 0 0 8
1520005389 2270 0 0 2 0 0 0 8
1520005434 2271 0 0 2 0 0 0 8
1520262915 2278 0 0 2 0 0 0 8
1521550820 2279 0 0 2 0 0 0 8
1521805518 2328 0 0 2 0 0 0 8
1521805893 2341 0 0 2 0 0 0 8
1521805968 2352 0 0 2 0 0 0 8
1521806721 2367 0 0 2 0 0 0 8
1522062084 2367 0 0 2 0 0 0 8
1522063688 2368 0 0 2 0 0 0 8
1522155119 2388 0 0 2 0 0 0 8
1522155746 2423 0 0 2 0 0 0 8
1522157730 2430 0 0 2 0 0 0 8
1522319186 2431 0 0 2 0 0 0 8
1523820181 2433 0 0 2 0 0 0 8
1523858206 2435 0 0 2 0 0 0 8
1523858547 2436 0 0 2 0 0 0 8
1523879769 2436 0 0 2 0 0 0 8
1524137759 2462 0 0 2 0 0 0 8
1524473400 2462 0 0 2 6 0 0 8
1524473715 2462 0 0 2 6 0 0 8
1524595515 2462 0 0 2 6 0 0 8
1524598637 2463 0 0 2 6 0 0 8
1524598646 3137 0 0 2 6 0 0 8
1524598717 3280 0 0 2 6 0 0 8
1524599110 3280 0 0 2 6 0 0 8
1524744769 3286 0 0 2 6 0 0 8
1524745216 3297 0 0 2 6 0 0 8
1524819144 3298 0 0 2 6 0 0 8
1524819914 3298 0 0 2 6 0 0 8
1524824073 3299 0 0 2 6 0 0 8
1524824232 3310 0 0 2 6 0 0 8
1524825618 3310 0 0 2 6 0 0 8
1524825908 3310 0 0 2 6 0 0 8
1524829745 3310 0 0 2 6 0 0 8
1524832214 3310 0 0 2 189 0 0 8
1524832515 3310 0 0 2 189 0 0 8
1526479749 3523 0 0 2 189 0 0 8
1526479811 3523 0 0 2 189 0 0 8
1526482223 3523 0 0 2 189 0 0 8
1526482516 3523 0 0 2 189 0 0 8
1527064023 3546 0 0 2 189 0 0 8
1527064220 3546 0 0 2 189 0 0 8
1527178413 3546 0 0 2 189 0 0 8
1527179680 3548 0 0 2 189 0 0 8
1527180905 3553 0 0 2 189 0 0 8
1527180920 3553 0 0 2 189 0 0 8
1527185635 3558 0 0 2 189 0 0 8
1527185713 3558 0 0 2 189 0 0 8
1527189275 3563 0 0 2 189 0 0 8
1527189311 3563 0 0 2 189 0 0 8
1529438891 3563 0 0 2 189 0 28 8
1529439624 3563 0 0 2 189 0 28 8
1529530166 3563 0 0 2 189 0 39 8
1529531711 3563 0 0 2 189 0 39 8
1530006744 3563 0 0 2 189 0 46 8
1530099639 3563 0 0 2 189 0 46 8
1530456219 3563 0 0 2 189 0 62 8
1530457221 3563 0 0 2 189 0 62 8
1530458233 3563 0 0 2 189 0 66 8
1530514518 3563 0 0 2 189 0 66 8
1530600285 3563 0 0 2 189 0 72 8
1530605723 3563 0 0 2 189 0 72 8
1530704805 3564 0 0 2 189 0 72 8
1530705324 3564 0 0 2 189 0 72 8
1530881434 3564 0 0 2 189 0 92 8
1530885535 3564 0 0 2 189 0 92 8
1531239716 3564 0 0 2 189 0 92 8
1531239823 3564 0 0 2 189 0 92 8
1531247332 3564 0 0 2 383 0 92 8
1531247482 3564 0 0 2 383 0 92 8
1531248234 3564 0 0 2 383 0 887 8
1531249224 3564 0 0 2 383 0 887 8
1531294239 3564 0 0 2 383 0 891 8
1531294812 3564 0 0 2 383 0 891 8
1531301884 3564 0 0 2 383 0 895 8
1531302801 3564 0 0 2 383 0 895 8
1531310268 3564 0 0 2 383 0 902 8
1531311294 3564 0 0 2 383 0 902 8
1531923359 3622 0 0 2 383 0 902 8
1532026246 3622 0 0 2 383 0 902 8
1532070529 3626 0 0 2 383 0 902 8
1532070579 3626 0 0 2 383 0 902 8
1532425650 3641 0 0 2 383 0 902 8
1532494370 3641 0 0 2 383 0 902 8
1532501360 3655 0 0 2 383 0 902 8
1532501971 3655 0 0 2 383 0 902 8
1532704049 3655 0 0 2 383 0 903 8
1532935201 3655 0 0 2 383 0 931 8
1532935898 3655 0 0 2 383 0 931 8
1532948629 3655 0 5 2 383 0 931 8
1532949529 3655 0 5 2 383 0 931 8
1532952553 3664 0 5 2 383 0 931 8
1532976147 3664 0 5 2 383 0 931 8
1533078229 3740 0 5 2 383 0 931 8
1533100337 3740 0 5 2 383 0 931 8
1533120498 3740 0 5 2 383 0 931 8
1533128626 3740 0 5 2 383 0 931 8
1533281671 3742 0 5 2 383 0 931 8
1533283714 3742 0 5 2 383 0 931 8
1535482259 3742 0 21 2 383 0 931 8
1535483915 3742 0 21 2 383 0 931 8
1535544132 3742 0 21 2 385 0 931 8
1535567562 3742 0 28 2 385 0 931 8
1535568830 3742 0 28 2 385 0 931 8
1535583814 3742 0 35 2 385 0 931 8
1535585452 3742 0 35 2 385 0 931 8
1535819669 3742 0 43 2 385 0 931 8
1535820239 3742 0 43 2 385 0 931 8
1535976427 3742 0 54 2 385 0 931 8
1535977281 3742 0 54 2 385 0 931 8
1535988542 3742 0 62 2 385 0 931 8
1535989461 3742 0 62 2 385 0 931 8
1536160096 3742 0 70 2 385 0 931 8
1536160833 3742 0 70 2 385 0 931 8
1536234528 3744 0 70 2 385 0 931 8
1536234591 3748 0 70 2 385 0 931 8
1536301627 3748 0 70 2 385 0 931 8
1537179681 3748 0 81 2 385 0 931 8
1537181312 3748 0 81 2 385 0 931 8
1537811287 3748 0 99 2 385 0 931 8
1537811745 3748 0 99 2 385 0 931 8
1537911671 3748 0 113 2 385 0 931 8
1537912464 3748 0 113 2 385 0 931 8
1537995202 3748 0 138 2 385 0 931 8
1537996745 3748 0 138 2 385 0 931 8
1538146340 3748 0 150 2 385 0 931 8
1538147694 3748 0 150 2 385 0 931 8
1538210637 3772 0 150 2 385 0 931 8
1538211491 3775 0 150 2 385 0 931 8
1538216720 3775 0 162 2 385 0 931 8
1538217689 3775 0 162 2 385 0 931 8
1538257654 3775 0 162 2 385 0 931 8
1538257677 3775 0 162 2 385 0 931 8
1538757250 3850 0 162 2 385 0 931 8
1538757348 3850 0 162 2 385 0 931 8
1539075414 3850 0 178 2 385 0 931 8
1539075481 3850 0 193 2 385 0 931 8
1539076182 3850 0 193 2 385 0 931 8
1539076408 3850 0 193 2 385 0 931 8
1539077255 3850 0 193 2 385 0 931 8
1539089598 3850 0 196 2 385 0 931 8
1539091183 3850 0 196 2 385 0 931 8
1539120246 3850 0 202 2 385 0 931 8
1539121695 3850 0 202 2 385 0 931 8
1539127833 3850 0 205 2 385 0 931 8
1539129096 3850 0 205 2 385 0 931 8
1539195544 3850 0 214 2 385 0 931 8
1539195919 3850 0 214 2 385 0 931 8
1539268969 3850 0 217 2 385 0 931 8
1539270636 3850 0 217 2 385 0 931 8
1539430438 3850 0 217 2 414 0 931 8
1539433718 3850 0 217 2 415 0 931 8
1539601969 3850 0 217 2 415 0 931 8
1539692146 3850 0 235 2 415 0 931 8
1539693410 3850 0 235 2 415 0 931 8
1539785726 3850 0 242 2 415 0 931 8
1539787289 3850 0 242 2 415 0 931 8
1540135156 3850 0 263 2 415 0 931 8
1540135493 3850 0 263 2 415 0 931 8
1540311469 3850 0 270 2 415 0 931 8
1540312275 3850 0 270 2 415 0 931 8
1540329474 3850 0 270 2 416 0 931 8
1540733688 3850 0 290 2 416 0 931 8
1540733914 3850 0 290 2 416 0 931 8
1540835634 3850 0 299 2 416 0 931 8
1540835876 3850 0 299 2 416 0 931 8
1540887647 3851 0 299 2 416 0 931 8
1540888169 3851 0 299 2 416 0 931 8
1540934272 3851 0 305 2 416 0 931 8
1540934827 3851 0 305 2 416 0 931 8
1540945994 3851 0 310 2 416 0 931 8
1540947112 3851 0 310 2 416 0 931 8
1540999658 3851 0 316 2 416 0 931 8
1541000072 3851 0 316 2 416 0 931 8
1541367887 3851 0 325 2 416 0 931 8
1541368057 3851 0 325 2 416 0 931 8
1541492434 3852 0 325 2 416 0 931 8
1541497318 3852 0 325 2 426 0 931 8
1541512868 3852 0 325 2 426 0 931 8
1542034879 3852 0 370 2 426 0 931 8
1542035810 3852 0 370 2 426 0 931 8
1542093493 3852 0 370 2 426 0 931 8
1542093516 3852 0 370 2 426 0 931 8
1542094152 3852 0 370 2 426 0 931 8
1542328634 3852 0 376 2 426 0 931 8
1542330185 3852 0 376 2 426 0 931 8
1542384556 3852 0 379 2 426 0 931 8
1542385962 3852 0 379 2 426 0 931 8
1542461740 3852 0 391 2 426 0 931 8
1542462638 3852 0 391 2 426 0 931 8
1542656245 3852 0 394 2 426 0 931 8
1542657734 3852 0 394 2 426 0 931 8
1542669532 3852 0 394 2 426 0 931 8
1542883081 3852 0 397 2 426 0 931 8
1542884472 3852 0 397 2 426 0 931 8
1542925782 3854 0 397 2 426 0 931 8
1542970522 3854 0 397 2 426 0 931 8
1542972611 3854 0 397 2 426 0 931 8
1542992136 3983 0 397 2 426 0 931 8
1543223308 3996 0 397 2 426 0 931 8
1543226013 3998 0 397 2 426 0 931 8
1543226029 4000 0 397 2 426 0 931 8
1543227433 4004 0 397 2 426 0 931 8
1543227856 4011 0 397 2 485 0 931 8
1543236265 4011 0 397 2 487 0 931 8
1543236619 4011 0 397 2 487 0 931 8
1543236814 4012 0 397 2 487 0 931 8
1543236923 4012 0 397 2 487 0 931 8
1543237038 4012 0 397 2 487 0 931 8
1543237678 4012 0 397 2 487 0 931 8
1543239037 4013 0 397 2 487 0 931 8
1543239541 4013 0 397 2 487 0 931 8
1543239548 4013 0 397 2 487 0 931 8
1543239555 4013 0 397 2 487 0 931 8
1543250620 4019 0 397 2 487 0 931 8
1543251140 4019 0 397 2 487 0 931 8
1543251212 4043 0 397 2 487 0 931 8
1543251378 4043 0 397 2 487 0 931 8
1543251637 4043 0 397 2 487 0 931 8
1543252985 4045 0 397 2 487 0 931 8
1543253619 4047 0 397 2 487 0 931 8
1543258380 4052 0 397 2 487 0 931 8
1543385089 4054 0 397 2 487 0 931 8
1543394468 4054 0 409 2 487 0 931 8
1543394631 4054 0 409 2 487 0 931 8
1543403970 4085 0 409 2 487 0 931 8
1543404093 4085 0 409 2 487 0 931 8
1543497407 4085 0 409 2 487 0 931 8
1543497791 4085 0 409 2 487 0 931 8
1543498121 4085 0 409 2 487 0 931 8
1543498466 4085 0 409 2 503 0 931 8
1543498511 4085 0 409 2 525 0 931 8
1543498995 4085 0 409 2 736 0 931 8
1543499840 4085 0 409 2 744 0 931 8
1543503170 4085 0 409 2 744 0 931 8
1543824293 4091 0 409 2 744 0 931 8
1543825609 4091 0 409 2 744 0 931 8
1543828766 4091 0 409 2 744 0 931 8
1543829846 4091 0 409 2 744 0 931 8
1543850782 4136 0 409 2 744 0 931 8
1543862538 4223 0 409 2 744 0 931 8
1543865653 4229 0 409 2 744 0 931 8
1544050194 4231 0 409 2 744 0 931 8
1544539916 4231 0 409 2 744 0 931 8
1544539929 4231 0 409 2 744 0 931 8
1544540396 4233 0 409 2 744 0 931 8
1544570989 4234 0 409 2 744 0 931 8
1544571025 4234 0 409 2 744 0 931 8
1544571043 4234 0 409 2 744 0 931 8
1544571051 4234 0 409 2 744 0 931 8
1544864609 4234 0 427 2 744 0 931 8
1544865825 4234 0 427 2 749 0 931 8
1544865855 4234 0 427 2 749 0 931 8
1544866344 4234 0 427 2 749 0 931 8
1544869904 4234 0 435 2 749 0 931 8
1544870285 4234 0 435 2 749 0 931 8
1545180636 4234 0 441 2 749 0 931 8
1545181495 4234 0 441 2 749 0 931 8
1546297933 4234 0 449 2 749 0 931 8
1546298283 4234 0 449 2 749 0 931 8
1546630414 4234 0 449 2 749 0 931 8
1547477211 4239 0 449 2 749 0 931 8
1547477466 4239 0 449 2 749 0 931 8
1547478067 4244 0 449 2 749 0 931 8
1547478416 4244 0 449 2 749 0 931 8
1547559601 4245 0 449 2 749 0 931 8
1547559696 4246 0 449 2 749 0 931 8
1547559714 4251 0 449 2 749 0 931 8
1547559788 4251 0 449 2 749 0 931 8
1548181461 4251 0 471 2 749 0 931 8
1548182174 4251 0 471 2 749 0 931 8
1548249680 4251 0 475 2 749 0 931 8
1548250179 4251 0 475 2 749 0 931 8
