1537773035 676
1539086825 784
1539089837 846
1539101065 6922
1539109786 6937
1539115700 6990
1539166756 6906
1539166767 6933
1539174432 6933
1539174442 6933
1539175347 6957
1539177352 6423
1539678166 6421
1539680131 6480
1542356373 6499
1542384625 6582
1542412176 6582
1542414402 6582
1542419303 6582
1542624239 7228
1542625795 7239
1542652566 8344
1542654853 8347
1542736121 8349
1542736200 8349
1542740877 8352
1542809041 8410
1542861893 8164
1542911357 8660
1543385661 8669
1543545949 8669
1544409472 8669
