1519899789 339
1519900180 669
1519908802 388
1519918493 396
1520005938 529
1520236830 596
1520244400 603
1520244955 609
1520248960 608
1520251638 609
1520274113 621
1520281717 627
1521486357 635
1522063838 635
1522063960 635
1522064281 630
1522309491 630
1522319361 632
1523458667 634
1523859173 634
1523861073 634
1524472441 633
1525078920 641
1525084519 641
1528729051 644
1531247460 521
1531380001 645
1532070279 646
1532435075 646
1532435590 646
1532436237 646
1532436475 646
1532436610 687
1533121646 688
1535472896 688
1535616665 684
1536049660 684
1538038468 685
1538038490 685
1538257367 685
1538257380 685
1539339635 683
1539339641 683
1539339647 683
1540972548 682
1540972564 682
1541087827 682
1541157263 682
1541170629 685
1541180012 685
1541350406 685
1541368654 685
1541506678 685
1541524399 685
1541588633 685
1541601831 685
1541680325 685
1541687562 685
1541693109 708
1542023262 711
1543996077 709
1549022809 722
1550588923 727
