1548956836 0 780 0
1549029395 527 780 0
1549029505 527 780 0
1549030039 540 780 0
1549030547 540 780 0
1549262754 543 780 0
1549263592 555 780 0
1549263645 555 780 0
1549263718 556 780 0
1549263784 556 780 0
1550047694 584 780 0
1550049158 584 780 98
1550054733 584 780 99
1550067904 584 780 99
1550067923 596 780 99
1550068007 596 780 99
1550136417 796 780 99
1550149048 807 780 99
1550149184 807 780 99
1550483683 1010 780 99
1550484086 1015 780 99
1550484573 1021 780 99
1550484693 1024 780 99
1550488476 1162 780 99
1550492070 1172 780 99
