1541064297 2886
1541513498 2922
1541516182 2921
1541516202 2959
1541516244 2964
1542319303 2988
1542356441 2960
1542383795 2972
1542458554 3025
1542652395 3086
1542862272 3135
1542862844 3126
1542882324 3182
1542902473 3179
1542924139 3152
1543226001 3154
1543229287 3163
1543319112 3159
1543319451 3159
1543319573 3156
1543319581 3156
1543324499 3156
1543328979 3223
1543390122 3224
1543396359 3224
1543830566 3225
1543866542 3231
1543926208 3239
1543926323 3240
1543928501 3239
1543932373 3239
1544120395 3239
1544173557 3247
1544201669 3247
1544459428 3247
1544570186 3265
1544573619 3271
1544575794 3271
1544590562 3271
1544626398 3269
1544790324 3269
1545052308 3269
1545058150 3269
1545064954 3270
1546618297 3270
1547024371 3270
1547025383 3265
1547112600 3265
1547112709 3265
1547559350 3263
1547635618 3263
1548183302 3260
1549019012 3271
