1546449247 676
1546954352 1093
1546955536 1106
1546955593 1282
1546957579 1282
1546958171 1279
1546958200 1304
1546960153 1305
1546960265 1309
1547035956 1451
1547037752 1457
1547040610 1448
1547041920 1456
1547104649 1458
1547219976 1468
1547219995 1499
1547220356 1499
1547220903 1497
1547222683 1501
1547451257 1974
1547451753 1974
1547455070 1982
1547456486 1982
1547457013 1986
1547476163 1991
1547476594 1994
1547482166 1995
1547482898 1996
1547539108 2001
1547553532 2004
1547557481 2008
1547557986 2004
1547560473 2004
1547655259 1956
1547670382 1956
1548163499 1972
1548314053 2068
1548314072 2074
1549979416 2078
1550650765 1735
1550663118 1736
