1516599401 203
1516601522 425
1516619938 425
1516619947 455
1516695688 649
1516695704 658
1516696051 660
1516705162 735
1516710032 591
1516710073 655
1516711550 655
1516727147 656
1516727191 669
1516727218 669
1516727250 665
1516727286 664
1517180808 664
1517180833 688
1517180858 662
1517181640 664
1517183175 677
1517403204 679
1517411742 716
1517412003 728
1517412351 735
1517412885 746
1517413441 762
1517414838 762
1517436911 780
1517582261 780
1517582282 847
1517820803 849
1517984793 892
1518006139 894
1518077115 890
1518526103 892
1518526260 942
1518528327 942
1518615788 942
1518615810 942
1519020727 942
1519020822 953
1519021121 953
1519021727 959
1519024735 961
1519024909 961
1519200000 961
1519205849 977
1519289571 1044
1519294645 1073
1519302373 1067
1519367755 1074
1519634418 1074
1519646656 1070
1519653808 1082
1519719114 1092
1519719470 1092
1519895560 1112
1519910846 1112
1519912628 1112
1519913268 1120
1519989747 1130
1519990551 1136
1519991190 1136
1520098324 1052
1520099828 1054
1520248241 1054
1520253994 1054
1520254387 1054
1520943818 1062
1520952513 1150
1520952850 1147
1520953212 1195
1520957593 1203
1521047436 1203
1521047478 1319
1521058266 1308
1521060874 1306
1521452553 1332
1521789129 1332
1522835346 1492
1523860458 1492
1523903941 1492
1523958484 1539
1523965926 1539
1523967114 1539
1523967132 1532
1523976661 1370
1523980868 1094
1524052607 1142
1524059956 1165
1524139511 1161
1524141308 1167
1524230109 1166
1524233410 1244
1524234610 2272
1524468013 2274
1524468310 2277
1524472210 2279
1524486104 2180
1524491416 2831
1524491710 3068
1524496801 3055
1524498016 3072
1524498023 3083
1524500412 3083
1524500422 3083
1524597307 3085
1524652205 3121
1524751735 3594
1524823813 3605
1524834312 3618
1524914106 3686
1524995711 3696
1525020010 3701
1525252505 3702
1525357806 3751
1526466305 3753
1526540715 3736
1526894106 3736
1526978115 3748
1526978414 3749
1527063048 3751
1527149412 3762
1527180912 3764
1528302620 3764
1528731315 3762
1528791910 3771
1528806307 3963
1528824013 3963
1529410520 4003
1530047719 4053
1530091855 4053
1530092378 4069
1530092727 4071
1530095826 4080
1530125556 4100
1530127813 4212
1530180372 4204
1530182733 4204
1530187081 4204
1530187695 4208
1530188130 4208
1530599298 4280
1530696616 4322
1530698417 4300
1530698747 4300
1530705315 4437
1530706209 4437
1530706739 4442
1530724819 4426
1530729512 4433
1530891195 4433
1530892110 4432
1531314017 4432
1531902074 4440
1531912916 4445
1531918393 4449
1532027203 4459
1532098544 4563
1532101237 4570
1532335425 4563
1532423168 4604
1532434338 4609
1532450480 4672
1532494355 4673
1532494423 4678
1532503317 4682
1532591794 4682
1532603393 4622
1532615105 4608
1533127496 4628
1533625831 4641
1535980917 4645
1536044930 4650
1536129734 4650
1536670798 4587
1537270827 4590
1537787421 4622
1537874266 4698
1538855944 5261
1538856241 5272
1538856589 5277
1539088204 5277
1539111304 5236
1539159369 5211
1539161102 5236
1539176212 4959
1539198599 4828
1539487988 4837
1539694513 4846
1539696112 4845
1540374586 4850
1540843706 4831
1541144548 4831
1541229134 4821
1541230250 4835
1541230281 4842
1541230285 4843
1541407238 4868
1541418851 4872
1541490774 4872
1541511498 5947
1541512784 5953
1541536362 5952
1542038849 5952
1543840107 5998
1546600873 6325
1547119232 6329
1547119772 6329
1547626725 6330
1547672260 6378
1548749976 6378
1549030290 6378
1549030435 6378
1549036196 6372
1550134903 6372
1550137876 6372
