1539790537 1 0 0
1539790864 2 0 0
1539791904 3 0 0
1539792265 4 0 0
1539792382 5 0 0
1539807050 6 0 0
1539810107 7 0 0
1539818841 8 0 0
1539819158 9 0 0
1540296439 10 0 0
1540297861 11 0 0
1540369642 12 0 0
1540370014 13 0 0
1540370092 14 0 0
1540385251 15 0 0
1540727150 16 0 0
1540727473 17 0 0
1540727736 18 0 0
1540732028 19 0 0
1540794656 20 0 0
1540891872 21 0 0
1541009752 21 1 0
1541589778 23 1 0
1542108381 23 1 1
1542109312 23 2 1
1542114419 24 2 1
1542114703 32 2 1
1542181555 33 2 1
1542181963 34 2 1
1542361233 35 2 1
