1523900572 341
1523900637 812
1523901917 819
1523902129 815
1523945980 802
1523953441 800
1523958509 802
1523962652 801
1524046953 942
1524049699 928
1524050911 928
1524051281 1135
1524213610 1135
1524214819 1125
1524488412 1131
1524488421 1147
1524490568 1147
1524550735 1152
1524550748 1145
1524638113 1496
1526551513 1481
1526554330 1683
1526554516 1690
1526558473 1694
1526572526 1714
1526578509 1715
1527065417 1735
1527091814 1745
1527179627 1745
1527180915 1745
1527186917 1745
1528798817 1763
1529350218 1832
1530177322 1836
1530367513 1843
1530368113 1853
1530691227 1870
1530693627 1884
1530695425 1885
1530698449 1885
1530707724 1895
1531214283 1895
1531239789 1372
1531242747 1902
1531380031 1905
1531380253 1907
1531381477 1907
1531499329 1908
1531767250 1907
1531776834 1905
1531857549 1905
1532450703 1918
1532496205 1918
1532499382 1918
1532500089 1918
1532714199 1917
1532935817 1917
1532947100 1918
1533637768 1921
1533742056 1921
1533746533 1920
1533749798 1920
1533754700 1920
1535363767 1926
1535477757 1921
1535481562 1920
1535544669 1923
1535574038 1925
1535577115 1926
1535589596 1926
1535608174 1922
1535967496 1922
1535968350 1923
1535981370 1922
1535987594 1922
1536041779 1925
1536144477 1728
1536159358 1744
1538259698 1762
1539100565 1757
1539105263 1757
1539110356 1757
1539121204 1757
1539132030 1757
1539195620 1757
1539269609 1757
1539278742 1758
1539328899 1758
1539338321 1758
1539611969 1748
1539862324 1751
1539874842 1752
1539879952 1750
1539886072 1760
1540151568 1760
1540249979 1760
1540914331 1762
1540995139 1762
1541107676 1762
1541145465 1762
1541406039 1762
1541588667 1762
1541600091 1762
1541682410 1762
1541685722 1762
1541708170 1762
1542292717 1762
1542325224 1762
1542375612 1762
1542465685 1762
1542656165 1762
1542887688 1762
1543258389 1763
1543388204 1763
1543394019 1763
1543896396 1769
1544114923 1769
1544484749 1769
1544581942 1769
1544594389 1769
1545063555 1770
1547025165 1771
1548188849 1771
1548840050 1761
1548843888 1851
1548844783 1859
1548844827 1918
1548844866 1918
1548844902 1918
1548844918 1918
1548845196 1924
1548846342 1928
1548854318 1936
1548857065 1936
1548958225 1936
1548958797 1937
